tree
version=v4
num_class=1
num_tree_per_iteration=1
label_index=0
max_feature_idx=197
objective=binary sigmoid:1
feature_names=active_24h_lag24 active_7d_lag24 residual_load total_load wind_onshore wind_offshore solar day_ahead wx_wind_speed_100m wx_wind_speed_10m wx_wind_direction_100m wx_wind_gusts_10m wx_shortwave_radiation wx_temperature_2m wx_cloud_cover wx_precipitation lat lon hour dow month is_weekend is_de_holiday town_110kV_Alt_Bennebek_(Privat) town_110kV_Bad_Oldesloe_(Privat) town_110kV_Barderup_(Privat) town_110kV_Breklum_(Privat) town_110kV_Dörpum_1_(Privat) town_110kV_Dörpum_2_(Privat) town_110kV_Flensburg_I town_110kV_Gasthafen_Niebüll_GmbH_(Privat) town_110kV_Geschendorf_(Privat) town_110kV_Grevenkop_(Privat) town_110kV_Großenwiehe_(Privat) town_110kV_Haby_(Privat) town_110kV_Heiligenhafen-Ost_(Privat) town_110kV_Hemme-Ost_(Privat) town_110kV_Hobstin_(Privat) town_110kV_Kamp_(Privat) town_110kV_Kastorf_(Privat) town_110kV_Klixbuell_(Privat) town_110kV_Krüzen_(Privat) town_110kV_Oldenswort_(Privat) town_110kV_Ostermoor-Ost_(Privat) town_110kV_Pölitz_(privat) town_110kV_Reußenköge_(Privat) town_110kV_Sieverstedt_(Privat) town_110kV_Südermarsch_(privat) town_110kV_Weding town_110kV_Weesby_(Privat) town_110kV_Weseby_(Privat) town_Ahrensburg_Nord town_Ahrenviöl town_Arkebek town_BOSA town_Bad_Bramstedt town_Bad_Bramstedt_Alt town_Bad_Segeberg town_Bahrenkrug town_Bargteheide town_Barlt town_Bisdorf town_Bokhorst town_Bollingstedt_Nord town_Bollingstedt_Süd town_Bornhöved town_Braak town_Brachenfeld town_Bramstedt town_Bramstedt_Süd town_Breklum town_Breklum_Ost town_Brokstedt town_Cismar_West town_Dieksanderkoog town_Dingen town_Eckernförde town_Ellenberg town_Elmshorn_Mitte town_Elmshorn_Ost town_Emmelsbüll_Ost town_Eutin_Süd town_Felde town_Friedrichstadt town_Geesthacht_Ost town_Geesthacht_West town_Gettorf town_Glinde town_Glückstadt town_Goosefeld town_Goosefeld_Neu town_Gravelund town_Großwaabs town_Göhl town_Göhl_Wind town_Hademarschen town_Halstenbek town_Hamburg_Nord town_Handewitt town_Heede town_Heide town_Heide_West town_Heiligenhafen town_Hemme_Ost town_Hemme_West town_Hohenwestedt town_Hohenwestedt_alt town_Holm town_Horstedt town_Husum town_Husum_Adlerhorst town_Husum_Nord town_Höhndorf town_Itzehoe_Mitte town_Itzehoe_Nord town_Itzehoe_Süd town_Jevenstedt town_Jübek_Ost town_Kaltenkirchen_Nord town_Kaltenkirchen_Süd town_Katenstedt town_Klixbüll town_Krogaspe town_Kropp town_Krüzen_West town_Langenhorn town_Lauenburg town_Lensahn town_Linden town_Lindewitt town_Lindewitt_Nord town_Löwenstedt town_Lübke_Koog_Ost town_Lübke_Koog_West town_Lütjenbrode town_Lütjenburg town_Marne_West town_Meldorf town_Mölln_West town_Neumünster_Mitte town_Neumünster_Nord town_Neumünster_Ost town_Neumünster_Süd town_Neumünster_West town_Niebüll town_Niendorf town_Nortorf town_Nortorf_Steinburg town_Oldenborstel town_Oldersbek town_Ostermoor_West town_Pinneberg_Mitte town_Quickborn town_Quickborn_D. town_Quickborn_Ost town_Quickborn/Dithmarschen town_Reinsbüttel town_Rendsburg_Mitte town_Rendsburg_Nord town_Rogerfelde town_Schacht town_Scharbeutz town_Schenefeld_HH town_Schobüll town_Schuby town_Schuby_West town_Schwarzenbek town_Schwensby town_Sieverstedt_Süd town_Sillerup town_Soholm town_St._Peter town_Steinburg town_Stolpe town_Str?bbel town_Struxdorf town_Strübbel town_Süderbrarup town_Süderdeich town_Tarp town_Toftum town_Trenter_Berg town_Tönning town_Uelvesbüll town_Uetersen_W town_Uetersen_West town_Vollstedt town_W town_Wahlstedt town_Wahlstedt_Neu town_Wattenbek town_Wedel_Nord town_Weding town_Weesby town_Weißenhaus town_Willinghusen town_Wöhrden town_Wöhrden_Ost
feature_infos=[0:24] [0:168] [-8229.83984375:68624.75] [32813.25:76298.25] [47:46510.75] [0:7901.5] [2:52466.25] [-250.32000732421875:936.280029296875] [0.40000000596046448:63.799999237060547] [0:42.200000762939453] [0:360] [0.69999998807907104:82.400001525878906] [0:876] [-13.199999809265137:34.099998474121094] [0:100] [0:12.699999809265137] [51.479747772216797:54.863014221191406] [7.0257678031921387:13.282715797424316] [0:23] [0:6] [1:12] [0:1] [0:1] [0:1] [0:1] [0:1] [0:1] [0:1] [0:1] [0:1] [0:1] [0:1] [0:1] [0:1] [0:1] [0:1] [0:1] [0:1] [0:1] [0:1] [0:1] [0:1] [0:1] [0:1] [0:1] [0:1] [0:1] [0:1] [0:1] [0:1] [0:1] [0:1] [0:1] [0:1] [0:1] [0:1] [0:1] [0:1] [0:1] [0:1] [0:1] [0:1] [0:1] [0:1] [0:1] [0:1] [0:1] [0:1] [0:1] [0:1] [0:1] [0:1] [0:1] [0:1] [0:1] [0:1] [0:1] [0:1] [0:1] [0:1] [0:1] [0:1] [0:1] [0:1] [0:1] [0:1] [0:1] [0:1] [0:1] [0:1] [0:1] [0:1] [0:1] [0:1] [0:1] [0:1] [0:1] [0:1] [0:1] [0:1] [0:1] [0:1] [0:1] [0:1] [0:1] [0:1] [0:1] [0:1] [0:1] [0:1] [0:1] [0:1] [0:1] [0:1] [0:1] [0:1] [0:1] [0:1] [0:1] [0:1] [0:1] [0:1] [0:1] [0:1] [0:1] [0:1] [0:1] [0:1] [0:1] [0:1] [0:1] [0:1] [0:1] [0:1] [0:1] [0:1] [0:1] [0:1] [0:1] [0:1] [0:1] [0:1] [0:1] [0:1] [0:1] [0:1] [0:1] [0:1] [0:1] [0:1] [0:1] [0:1] [0:1] [0:1] [0:1] [0:1] [0:1] [0:1] [0:1] [0:1] [0:1] [0:1] [0:1] [0:1] [0:1] [0:1] [0:1] [0:1] [0:1] [0:1] [0:1] [0:1] [0:1] [0:1] [0:1] [0:1] [0:1] [0:1] [0:1] [0:1] [0:1] [0:1] [0:1] [0:1] [0:1] [0:1] [0:1] [0:1] [0:1] [0:1] [0:1] [0:1] [0:1] [0:1] [0:1] [0:1] [0:1] [0:1]
tree_sizes=6840 6901 6884 6876 6867 6905

Tree=0
num_leaves=63
num_cat=0
split_feature=1 4 4 0 16 11 11 0 11 11 5 3 3 5 10 5 5 5 0 17 10 17 10 3 10 10 6 13 16 10 3 0 10 3 11 21 14 16 0 13 5 5 11 11 17 8 7 13 18 0 10 17 10 13 18 5 3 183 174 45 13 17
split_gain=4.81056e+06 1.99791e+06 1.35786e+06 448619 365003 278145 263617 198704 195299 170379 151213 136756 133725 109880 97429.7 87871 84505 82537.1 82098.6 72961.4 70933.8 68404.2 67821.6 69154.9 60246.1 53832 56674.1 51025.7 47035.2 45885.6 45368.6 44219.7 43768 41959.9 41793.4 41184 41003.3 38906.6 37632.6 37595 37357.5 35950.6 35014.5 33671.4 33306.5 33173.3 33078.6 35838.8 30642.2 30502.7 30038.1 29781.5 29283.3 29178.9 28678 28434.4 31136.2 27812.5 28439.3 28431.6 27514.9 26271.7
threshold=1.0000000180025095e-35 13825.500000000002 14558.625000000002 1.0000000180025095e-35 53.928178787231452 29.69999980926514 36.899999618530281 22.500000000000004 26.800000190734867 31.85000038146973 5044.3750000000009 57874.955078125007 56363.750000000007 3179.0000000000005 80.500000000000014 3768.3750000000005 1411.3750000000002 4736.2500000000009 5.5000000000000009 9.2086114883422869 195.50000000000003 9.2879447937011737 199.50000000000003 61395.175781250007 338.50000000000006 224.50000000000003 5.8750000000000009 7.7500000000000009 53.829820632934577 286.50000000000006 57309.125000000007 9.5000000000000018 69.500000000000014 54872.000000000007 24.300000190734867 1.0000000180025095e-35 1.0000000180025095e-35 54.819992065429695 11.500000000000002 5.6499998569488534 1350.6250000000002 4652.6250000000009 19.250000000000004 18.900000572204593 9.2086114883422869 23.750000000000004 10.034999847412111 8.1500000953674334 11.500000000000002 1.0000000180025095e-35 131.50000000000003 9.667213439941408 80.500000000000014 10.550000190734865 8.5000000000000018 5665.8750000000009 62291.625000000007 1.0000000180025095e-35 1.0000000180025095e-35 1.0000000180025095e-35 10.050000190734865 9.9977984428405779
decision_type=2 2 2 2 2 2 2 2 2 2 2 2 2 2 2 2 2 2 2 2 2 2 2 2 2 2 2 2 2 2 2 2 2 2 2 2 2 2 2 2 2 2 2 2 2 2 2 2 2 2 2 2 2 2 2 2 2 2 2 2 2 2
left_child=2 3 6 8 39 22 13 12 15 14 19 -8 27 30 17 33 -10 -6 24 37 -21 35 23 38 28 55 -27 -5 -7 40 -1 48 -12 -2 -23 43 -28 57 50 -4 -13 -30 -14 -15 -17 -38 -18 -48 -29 -24 61 -32 53 -36 -41 56 -16 58 59 -11 -47 -3
right_child=1 5 4 7 9 18 11 -9 16 10 32 29 42 21 25 44 46 -19 -20 20 -22 34 49 -25 -26 26 36 31 41 -31 51 -33 -34 -35 52 -37 45 -39 -40 54 -42 -43 -44 -45 -46 60 47 -49 -50 -51 -52 -53 -54 -55 -56 -57 -58 -59 -60 -61 -62 -63
leaf_value=-3.3416856311754746 -3.2812987476831137 -3.1454642550828034 -3.3044880953731384 -3.2502772969973526 -3.3031621669423625 -3.1243521923771782 -3.238004871939431 -2.7920611300171316 -3.1857856999216749 -2.8591210320096225 -2.8552699446822811 -3.2833499401505373 -3.0333336627663323 -3.2357482923710474 -3.2146025689833664 -3.0188728126816704 -3.1792756070028845 -2.8691218862161678 -2.7903763957905223 -2.9146048917367708 -3.0626346444912302 -3.3223482142792986 -2.9605471998189543 -2.9039602885405746 -3.354542031328601 -3.3125874835513689 -2.8578503390230736 -3.2273535715459438 -2.8339386093447327 -3.2542157737992232 -3.2454921050194203 -2.9546083388457611 -3.1762601736501317 -3.1863273331178208 -2.9664062716461337 -3.301904797385661 -3.2123975190180607 -3.0800852470474522 -2.879545861767582 -3.1213474493600564 -2.9096008790931478 -2.8972156835507903 -2.9071338906237623 -3.074096584067552 -3.1817106932994457 -3.1147910222937858 -3.1722538638672324 -2.9597155501965347 -3.0671269178541651 -2.865157243191609 -3.232648389214301 -3.3259162780684273 -3.2454310689641179 -3.3605327731031878 -3.2359595680921496 -3.310080496899936 -3.0539524731583452 -3.3663010085877687 -3.3663010085877687 -3.3663010085877687 -2.9156597102239901 -2.9395122203929236
leaf_weight=13995.427386984229 4339.9712495878339 639.9292571246624 1689.4392666146159 812.01734644919634 215.73400443792343 253.34026885032654 1623.5155724957585 1802.7498081475496 1430.5443667992949 3668.1815580874681 186.58037199825048 116.31371050328016 1266.4590235352516 739.03836241364479 1825.7557689994574 1112.4641487300396 385.39590714126825 933.77962507307529 12515.322787158191 2056.8674028888345 3495.0137621387839 3370.2179694995284 2867.4458749368787 1085.1607902422547 96.530469469726086 359.2520339563489 397.379215054214 722.98069200664759 14130.04567719996 212.66932746767998 4209.3306344076991 904.34611696004868 1902.3765141069889 3257.5816404670477 317.91154754161835 652.19186412543058 542.09180369228125 420.38410622626543 265.84486000984907 1450.4225799068809 1332.194461517036 4815.4313812553883 2877.5055470019579 1703.4005332440138 916.24438387900591 593.47781367599964 356.8260456174612 2868.5601270571351 1405.7179852426052 2518.699896402657 734.63666821271181 3274.4827352613211 1826.5655792951584 98.392272502183914 2194.5829118564725 787.41517798602581 655.95145715028048 45.967595145106316 45.868952237069607 44.75099927932024 521.40275887399912 404.2635215818882
leaf_count=409021 114195 12645 46343 20151 5904 4748 39328 4890 31050 21816 1075 3072 18175 17822 42166 15189 8244 6004 32931 17738 55097 95352 31083 8801 2881 9995 2339 17142 66872 5318 103487 9544 40417 70791 3536 17809 12462 6981 1843 26973 11167 37488 23778 27795 19707 10849 7512 30980 22465 15713 17606 93207 44901 2965 52945 21812 10066 1398 1395 1361 4523 3972
internal_value=-3.06213 -2.94395 -3.19527 -3.08656 -3.08057 -2.85745 -3.27762 -2.98172 -3.15654 -3.03894 -2.99313 -3.10747 -3.02452 -3.29614 -3.11851 -3.20935 -3.05569 -2.95058 -2.83027 -2.96013 -3.00779 -3.23621 -2.95897 -3.03301 -2.85615 -3.15247 -3.08083 -3.10947 -2.85364 -2.97989 -3.32043 -3.07177 -3.14759 -3.24058 -3.27783 -3.16071 -3.04031 -2.8975 -3.10149 -3.2265 -2.93961 -2.85002 -2.9457 -3.12301 -3.09242 -3.08406 -3.00415 -2.98323 -3.12155 -2.91594 -3.13466 -3.28068 -3.21093 -3.05956 -3.19035 -3.20537 -3.17214 -2.87733 -2.87135 -2.86523 -3.02166 -3.06573
internal_weight=122290 64786 57504.3 24459.4 24032.7 40326.7 33471.7 9791.78 14667.6 18698.2 11866 3284.69 7989.03 30187 6832.24 9626.26 5041.33 1149.51 31810.7 9777.03 5551.88 8707.72 8515.98 3129.84 19295.3 5682.73 2413.6 3845.06 19198.8 1661.18 21479.2 3033.04 2088.96 7597.55 5613.09 3094.63 2054.35 4225.15 2044.67 5334.44 1448.51 18945.5 4143.96 2442.44 2028.71 1656.97 3610.78 3225.39 2128.7 5386.15 1778.83 7483.81 2242.87 416.304 3645.01 3269.12 2481.71 3804.77 3758.8 3712.93 1114.88 1044.19
internal_count=1924835 650396 1274439 413813 399659 236583 874780 116145 297668 273398 147278 58885 111255 815895 126120 219882 77786 11908 144920 105786 72835 210180 91663 44867 111989 114212 40168 69302 109108 19557 605715 49151 41492 184986 146754 63426 30173 32951 36066 126261 14239 104360 41953 45617 34896 27834 46736 38492 39607 46796 34223 196694 51402 6501 79918 74044 52232 25970 24572 23177 15372 16617
is_linear=0
shrinkage=1


Tree=1
num_leaves=63
num_cat=0
split_feature=4 16 3 16 11 4 19 11 171 19 10 100 17 6 6 13 5 5 5 52 17 4 18 19 6 3 6 9 3 16 11 17 10 144 16 17 67 17 17 4 5 10 132 11 14 5 11 4 150 174 67 16 16 19 45 18 17 18 27 5 6 17
split_gain=1.97642e+06 365419 330810 315117 216773 125601 107570 97267 70676 66529.9 65237.4 63192.5 57251.9 56687.6 54715.5 49935 46396.7 43149.6 42098.1 38692.5 37892.3 36340 35230.4 41351.7 34210.2 32058.4 37636.1 29743.9 29726.6 29069.7 28231.4 27115.2 26893.3 26103.6 27178.1 25685.8 26843.2 28542.6 25522.2 27288.9 24130.1 23804.9 23693.6 23692.8 23363.8 22807.5 22012.7 21192 20941.8 20211.8 19584.6 19918.5 19133.1 19116.7 18955.4 18340.7 18286 19571 17921.3 17680.6 16584.7 16524.5
threshold=13825.500000000002 53.928178787231452 56580.375000000007 53.829820632934577 32.20000076293946 7420.7500000000009 2.5000000000000004 31.149999618530277 1.0000000180025095e-35 3.5000000000000004 208.50000000000003 1.0000000180025095e-35 9.1928801536560076 4590.7500000000009 2828.3750000000005 7.4500000476837167 1328.6250000000002 2553.2500000000005 3144.7500000000005 1.0000000180025095e-35 10.212865352630617 19453.750000000004 17.500000000000004 3.5000000000000004 603.12500000000011 51340.625000000007 873.50000000000011 22.250000000000004 43739.314453125007 54.819992065429695 14.199999809265138 9.1872515678405779 247.50000000000003 1.0000000180025095e-35 54.623081207275398 9.5122933387756365 1.0000000180025095e-35 10.760850906372072 10.215904235839846 32321.750000000004 4223.2500000000009 240.50000000000003 1.0000000180025095e-35 43.000000000000007 1.0000000180025095e-35 1981.1250000000002 25.000000000000004 7744.1950683593759 1.0000000180025095e-35 1.0000000180025095e-35 1.0000000180025095e-35 53.935955047607429 54.363836288452156 1.5000000000000002 1.0000000180025095e-35 16.500000000000004 9.1872515678405779 15.500000000000002 1.0000000180025095e-35 5849.3750000000009 8.1250000000000018 9.0691294670104998
decision_type=2 2 2 2 2 2 2 2 2 2 2 2 2 2 2 2 2 2 2 2 2 2 2 2 2 2 2 2 2 2 2 2 2 2 2 2 2 2 2 2 2 2 2 2 2 2 2 2 2 2 2 2 2 2 2 2 2 2 2 2 2 2
left_child=1 8 7 20 6 9 18 11 48 24 21 15 29 17 16 -3 -9 -7 41 22 -2 -8 23 -17 -4 26 59 32 -20 49 -30 -12 40 34 35 61 37 -37 39 -23 53 -5 -31 -27 -22 -24 -47 -19 -1 54 51 -16 -39 -15 58 -53 -32 -58 -6 -14 -49 -26
right_child=3 2 5 4 12 13 10 14 -10 -11 31 -13 25 27 50 19 -18 47 28 -21 44 38 45 -25 33 43 -28 -29 30 42 56 -33 -34 -35 -36 36 -38 52 -40 -41 -42 -43 -44 -45 -46 46 -48 60 -50 -51 -52 55 -54 -55 -56 -57 57 -59 -60 -61 -62 -63
leaf_value=0.0014056097966975727 0.062718248251667774 0.026721702912925329 0.090305545022010339 0.11733512208729668 0.3204508071245864 0.062501006968864375 0.062860489827990862 0.019526751401871871 0.23447699792213761 0.032916210276780149 0.26914960584395337 0.29463360494922775 0.26780726737627908 0.23739121707976085 0.38061832773162535 0.10795173040732976 0.30417574521361423 0.3603602641058854 0.09978673382500014 0.30704968008276223 0.29339557526701876 0.10422022067606326 0.088143172516505289 0.024333121978964836 0.18237555774017231 0.26667145945636278 0.13062046045297188 0.35778069036419874 0.093459540759433163 0.13246538231795552 0.31470605505507226 0.18446199796490301 0.2939474118156632 0.38072241626385483 0.11137932842765297 0.090923198907108954 0.34857808529968282 0.25798808240057303 0.26988834211836232 0.28712968128330013 0.27101272547804611 0.26702828629161235 0.31676294238479702 0.30534319473327454 0.14326361700877177 0.12844829757865936 0.24130898453930077 0.042130906305278784 0.14873632469484033 -0.020746363273124357 0.38595234310332194 0.094567323888289395 0.056079835932937437 0.11970613782147121 0.0018148404107602978 0.25489355866534075 0.28619832679411211 0.20644819375071882 0.086649548927695663 0.11678923863514512 0.21358618721579808 0.2586638142073785
leaf_weight=9883.7153225280344 2493.575164783746 6036.1026721745729 1792.3987385891378 1128.5515326410532 31567.115187060088 980.32614552602172 2067.3902884796262 267.39048222824931 577.82867662236094 1583.6744185984135 2874.8868893422186 541.19257546588778 5276.3859634324908 1032.6604623533785 113.0688032284379 4579.4246319904923 1597.358586423099 358.75942385196686 366.89999271556735 333.94332379847765 498.44496313109994 1814.4733188599348 3370.4315105192363 4893.5226446315646 1971.26121269539 11949.740233968943 1092.6204094700515 1294.4145497493446 307.48023796081543 625.22686505317688 5344.5467410087585 3190.6943283118308 3642.1084306053817 265.64584915339947 1879.9039067290723 1955.4839051514864 261.05388234183192 913.50226215273142 784.36454292759299 397.79762678220868 1941.6948078349233 681.56493747979403 503.92799009010196 13492.058281254023 2465.6634725034237 2319.1132706962526 984.82150093838573 252.20981619507074 401.59131436049938 70.309609670192003 114.37741069123149 2871.9392315335572 236.29121239110827 1186.4611698873341 75.315933972597122 316.90156973153353 4448.0527271740139 1701.7768515869975 131.68707241863012 329.46086562424898 2144.1332390829921 2679.4754288420081
leaf_count=273134 56950 158553 37573 18939 86920 21249 44569 6808 7214 37497 21265 3897 33932 12316 480 96456 13369 2300 7208 2656 5170 34402 75403 126693 29764 79539 15472 3899 5387 10048 25313 41364 27705 1146 36637 42306 1139 9176 6825 2658 16476 4736 2017 57879 44238 44995 11699 5622 7172 2049 468 59542 5742 20666 2030 3570 29576 19664 2029 5089 26918 28574
internal_value=0.209782 0.125204 0.146242 0.267748 0.276675 0.197223 0.226752 0.0988009 0.0192496 0.154729 0.180358 0.0810688 0.295926 0.242055 0.176224 0.0759359 0.263359 0.176456 0.263689 0.0939602 0.120174 0.127364 0.0895533 0.0647561 0.170865 0.27693 0.238002 0.268991 0.277075 0.314441 0.282587 0.224601 0.254262 0.185074 0.179822 0.195871 0.153794 0.137419 0.171864 0.13711 0.219523 0.173699 0.214715 0.287179 0.16851 0.124748 0.162089 0.217003 0.00715816 0.317977 0.128663 0.11975 0.216494 0.17447 0.318727 0.1105 0.287646 0.26413 0.31948 0.258932 0.195541 0.226328
internal_weight=161254 65574.2 54711 95680 90222.3 26371.5 25108.5 28339.6 10863.1 13538.7 11129.6 23058.6 65113.8 12832.8 5281.04 22517.4 1864.75 3735.43 13978.9 16481.3 5457.68 5064.03 16147.3 9472.95 11955 32140.3 6698.47 9097.34 12168.8 32973.6 11801.9 6065.58 7802.92 10162.6 9896.97 8017.07 3366.33 3105.28 2996.64 2212.27 4160.82 1810.12 1129.15 25441.8 2964.11 6674.37 3303.93 2755.1 10285.3 31844.4 3416.29 3301.91 1149.79 2219.12 31774.1 3188.84 11494.4 6149.83 31698.8 5605.85 2396.34 4650.74
internal_count=1924082 1258814 971294 665268 558910 366705 261906 604589 287520 229554 151083 520352 297004 137151 84237 516455 20177 56089 110823 357902 106358 88454 355246 223149 192057 191911 54493 81062 87148 105093 79940 62629 77163 154484 153338 116701 58363 57224 43885 37060 49458 23675 12065 137418 49408 132097 56694 34840 280306 93028 64060 63592 14918 32982 90979 63112 74553 49240 88949 39021 32540 58338
is_linear=0
shrinkage=0.02


Tree=2
num_leaves=63
num_cat=0
split_feature=8 0 0 3 16 16 11 9 8 10 19 0 19 19 22 10 10 3 10 17 15 17 17 17 3 13 6 2 20 2 17 10 17 17 14 11 7 13 13 16 13 18 20 2 2 3 3 2 0 10 14 19 19 10 13 3 45 174 13 17 132 20
split_gain=991025 532002 223972 185961 158166 114447 105010 78914.1 50418.3 66363.7 47774.6 43810.1 43483.3 40407.8 39682 38276.4 32745.6 30977.1 30740 30271.9 31654.3 27973.8 25919.5 26892.6 20616.4 20129.7 34121.2 29668.8 19811 19297.1 18840.3 18681.8 20813.1 17966.7 17628.8 17122.5 17005.1 16958.8 16807 16614.9 16461.8 16042.9 20414 15587.2 15443.4 15014.5 14364 14892 13752.9 13693.6 29476.7 18182.2 16850.6 14726.3 13507.9 13332 13268.2 13234 12990.9 12727.4 12550.4 12027.4
threshold=25.94999980926514 1.0000000180025095e-35 1.0000000180025095e-35 55393.564453125007 53.928178787231452 53.928178787231452 30.050000190734867 10.150000095367433 17.050000190734867 209.50000000000003 3.5000000000000004 21.500000000000004 2.5000000000000004 1.5000000000000002 1.0000000180025095e-35 286.50000000000006 327.50000000000006 56580.375000000007 41.500000000000007 9.2086114883422869 0.15000000223517421 9.2086114883422869 9.510317802429201 9.491122245788576 65935.101562500015 6.4500000476837167 13093.500000000002 45710.150390625007 8.5000000000000018 24666.679687500004 9.4771285057067889 97.500000000000014 10.328865528106691 11.177026748657228 46.500000000000007 39.050001144409187 106.814998626709 15.250000000000002 4.3500001430511483 54.819992065429695 5.3500001430511483 10.500000000000002 6.5000000000000009 47348.335937500007 4936.1201171875009 40665.250000000007 53469.500000000007 14075.500000000002 15.500000000000002 246.50000000000003 1.0000000180025095e-35 4.5000000000000009 1.5000000000000002 97.500000000000014 26.150000572204593 40837.259765625007 1.0000000180025095e-35 1.0000000180025095e-35 1.0500000119209292 9.5257887840271014 1.0000000180025095e-35 8.5000000000000018
decision_type=2 2 2 2 2 2 2 2 2 2 2 2 2 2 2 2 2 2 2 2 2 2 2 2 2 2 2 2 2 2 2 2 2 2 2 2 2 2 2 2 2 2 2 2 2 2 2 2 2 2 2 2 2 2 2 2 2 2 2 2 2 2
left_child=1 3 4 8 22 36 17 13 -1 -10 48 28 24 34 16 19 18 29 -8 37 -21 39 23 -2 54 -14 27 61 30 45 -12 -23 46 -34 -7 -28 59 58 -24 56 -15 42 49 -26 -17 -6 47 -33 -3 50 53 52 -51 -40 -9 -22 57 -20 -11 -5 -41 -27
right_child=2 10 -4 5 6 7 14 12 9 15 11 -13 25 40 -16 44 -18 -19 21 20 55 31 38 -25 43 26 35 -29 -30 -31 -32 32 33 -35 -36 -37 -38 -39 41 60 -42 -43 -44 -45 -46 -47 -48 -49 -50 51 -52 -53 -54 -55 -56 -57 -58 -59 -60 -61 -62 -63
leaf_value=0.024238170671291789 0.11086427078554437 0.21847291151822704 0.24640359638409939 0.13610289231681244 0.0063826474098823615 0.089020299097445368 0.059562296353411801 0.17440527744632434 0.035784115796609402 -0.020968342066799699 0.097175638026162678 0.28436114205735741 0.061832527889085664 0.019532877413465537 0.017912763527678149 0.21072434226489276 0.070670991643335956 0.17842368860997471 0.23318718536196328 0.077498584076540478 0.32184018821698118 0.24389014870518033 0.0045106083128785167 0.27259388819550867 0.24071167460983031 0.18669926617402946 0.046655450938013744 0.014709423561747518 0.024834291283622471 0.049706922451024725 0.19042063506875681 0.098912631362024148 0.22834217766925136 0.066199492376235847 0.16227185655028994 0.18895985571401747 -0.0032196012801526674 0.092630303171055778 0.33880835738978859 0.10365337746742011 0.088741223162434477 0.058488515811362121 0.038262574648071632 0.12761171371157473 0.039009158416064553 0.15009937068162052 0.19087440733052108 0.17661847549027232 0.26356503730134323 0.080531417631343541 0.011887951201779863 -0.020939811156601481 0.30335931447309605 -0.011618563105040294 0.066606534280833143 0.14324103309510722 -0.020855743801456363 -0.020835258675652672 0.21288807273018609 0.045051131529670191 0.23823037009318593 0.29158519100883334
leaf_weight=11818.459442365915 1200.4194148406386 10692.851790118963 41223.206402149051 831.03866483271122 332.57914082705975 2079.6367308646441 526.66426905244589 8420.8929431587458 8866.438822414726 98.844555146992207 1568.6259548403323 902.07119313254952 1731.878697078675 2372.18722230196 434.81664019450545 225.42469894513488 668.28956266120076 3076.0907287895679 24212.856941860169 3815.7551235593855 312.74398770183325 3146.483726542443 984.33651883155107 625.57770848274231 3271.8206402733922 1092.0181554183364 1408.5673576816916 302.14373005926609 605.7449402846396 1999.5012208558619 1937.1415844447911 1572.6458020247519 6380.6382558494806 285.59505620226264 3570.2852926999331 445.08375732600689 2227.8800733946264 698.76234406232834 231.77217147126794 732.57704475522041 3269.4867444001138 2351.7569337449968 661.4277207031846 572.74548227712512 2965.7732848413289 2313.2341314889491 11353.59057142213 2646.9390440061688 3621.9807462133467 173.31239318102598 483.75534044578671 108.41676399111748 626.325090251863 60.487668670713902 492.14028228074312 359.20528421550989 83.078684892505407 82.315162997692823 2453.4714887440205 2352.165823571384 445.91095704585314 729.42980656027794
leaf_count=297988 19051 64446 73201 13233 7694 37489 7876 86723 205691 2386 23431 1534 30185 53861 7445 3044 11757 29395 72626 72918 1041 10340 24013 2011 13191 10472 26693 6456 11678 40233 20499 19978 27719 4105 48330 2791 59676 11392 586 10926 58950 48482 13837 8563 66991 27456 75500 22451 8049 3101 10501 2593 3693 1346 8795 4886 2207 2238 20171 55991 1755 3126
internal_value=0.169584 0.11887 0.20964 0.0921263 0.187288 0.123769 0.198067 0.139153 0.0569264 0.0764413 0.211274 0.158143 0.164621 0.0975027 0.208183 0.109422 0.20977 0.129196 0.211576 0.133457 0.0997887 0.213147 0.100721 0.166272 0.185151 0.118743 0.143525 0.198256 0.13045 0.0965977 0.148699 0.198277 0.191823 0.221396 0.135309 0.0808244 0.0391607 0.179931 0.079654 0.227918 0.0596408 0.0954007 0.132411 0.223863 0.051139 0.132034 0.179165 0.147657 0.229882 0.169389 0.107697 0.222111 0.255064 0.266282 0.168453 0.226366 0.231464 0.232327 0.203831 0.068822 0.154574 0.228703
internal_weight=195137 86112.7 109025 66784.3 67801.4 35169.4 60293.8 29758.3 31614.9 19796.4 19328.4 5013.58 18466.7 11291.6 52572.4 10930 52137.6 7721.41 51469.3 7738.78 4487.7 50942.6 7507.59 1826 12757.6 5709.12 3977.24 2123.59 4111.51 4645.31 3505.77 25385.9 22239.4 6666.23 5649.92 1853.65 5411.08 3251.08 5681.59 25556.7 5641.67 4697.25 2345.5 3844.57 3191.2 2645.81 15573.2 4219.58 14314.8 1684.07 776.015 908.054 799.637 292.26 8913.03 671.949 24378.3 24295.2 2552.32 3183.2 1178.49 1821.45
internal_count=1924786 1340670 584116 1211033 510915 524525 381701 395625 686508 388520 129637 57142 196995 198630 276923 182829 269478 104778 257721 112794 78845 249845 129214 21062 117272 79723 49538 20054 55608 75383 43930 160093 149753 31824 85819 29484 128900 33949 108152 89752 112811 84139 35657 21754 70035 35150 117929 42429 72495 21820 12433 9387 6794 1932 95518 5927 77071 74864 22557 69224 12681 13598
is_linear=0
shrinkage=0.02


Tree=3
num_leaves=63
num_cat=0
split_feature=1 4 11 11 0 5 16 5 3 4 5 3 2 2 16 3 5 9 1 6 5 10 20 20 20 13 4 10 5 7 14 19 13 5 3 13 6 0 17 20 9 10 13 14 4 1 5 5 7 5 19 10 10 13 1 20 5 13 10 19 11 134
split_gain=935903 397237 158957 110604 63434.7 65493.6 61860.8 50246.7 47019.4 37213.7 32928.3 32287.1 33311 32147.3 30606.7 29982.1 28395.1 26824.8 25114 24324.1 22711.7 22452.3 21738.8 20935.8 20765.3 20471.4 17951.7 17154.7 29691.7 19523 19067.1 17141.1 16435.5 16401.5 16272.1 15937.2 15063.5 14646.9 14461.5 14153.2 23692.3 20758.8 13965.4 13843.5 13594 12846.6 12633.2 12571.1 13259.9 12827.7 12446.4 12244.1 12162 12032.7 11882.9 11856.1 11468.4 14439.9 13742.9 11430.9 11403.8 11216.4
threshold=1.0000000180025095e-35 14558.625000000002 23.19999980926514 31.149999618530277 15.500000000000002 3722.0000000000005 53.928178787231452 1328.6250000000002 55219.750000000007 17026.000000000004 2093.8750000000005 54145.244140625007 14075.500000000002 14971.544921875002 53.928178787231452 54872.000000000007 1451.0000000000002 15.84999990463257 26.500000000000004 107.50000000000001 4077.5000000000005 205.50000000000003 2.5000000000000004 10.500000000000002 8.5000000000000018 12.949999809265138 9016.0000000000018 131.50000000000003 4975.5000000000009 119.75500106811525 43.500000000000007 4.5000000000000009 2.3500000238418584 4552.5000000000009 55931.500000000007 3.7500000000000004 5.8750000000000009 1.0000000180025095e-35 9.8297715187072772 2.5000000000000004 19.550000190734867 283.50000000000006 26.750000000000004 1.0000000180025095e-35 5476.1250000000009 14.500000000000002 1839.8750000000002 3432.0000000000005 5.0499999523162851 5887.2500000000009 3.5000000000000004 234.50000000000003 255.50000000000003 10.250000000000002 8.5000000000000018 4.5000000000000009 3964.2500000000005 17.94999980926514 250.50000000000003 1.5000000000000002 47.000000000000007 1.0000000180025095e-35
decision_type=2 2 2 2 2 2 2 2 2 2 2 2 2 2 2 2 2 2 2 2 2 2 2 2 2 2 2 2 2 2 2 2 2 2 2 2 2 2 2 2 2 2 2 2 2 2 2 2 2 2 2 2 2 2 2 2 2 2 2 2 2 2
left_child=1 3 4 8 5 15 24 -5 56 16 -10 12 -8 -9 -12 32 18 20 34 -17 -14 55 -16 25 36 44 -15 -13 29 -29 -30 -23 -2 46 -4 38 60 -18 43 41 47 -38 52 -22 -24 -11 -19 -41 -49 -50 -46 -37 -28 -54 -34 -7 61 -58 -59 -55 -3 -1
right_child=2 6 9 7 -6 21 11 13 10 45 14 27 17 26 22 19 37 33 -20 -21 35 31 23 -25 -26 -27 42 28 30 -31 -32 -33 54 -35 -36 51 39 -39 -40 40 -42 -43 -44 -45 50 -47 -48 48 49 -51 -52 -53 53 59 -56 -57 57 58 -60 -61 -62 -63
leaf_value=-0.002627683611806817 -0.011705286072310025 -0.0016177697274887351 0.064201445916136982 0.02396365522424386 0.20956312416744019 0.14041248874459786 0.053236911557579737 0.037409394192093347 0.024218683576751263 0.18327389839575731 0.0012004271710809031 0.18266981998693024 0.013194995903701689 0.080514360306041352 0.027857884767157125 0.054663068988877794 0.16176084482622755 0.015981545908792253 0.18979145615819279 0.14389624825578642 0.18900715822087058 0.18671853199027105 0.047955891880736887 -0.010758754402933847 0.020706960888624261 0.076677655817740012 0.10158996860171896 0.16517791823882291 0.15606680934431635 0.039437552052596463 0.063325826349135916 0.07857397632845213 0.041775157213198827 0.091729116835519917 0.13908431139572922 0.028400055130388714 0.032333452464146692 0.19276430248868617 0.25340426918934439 0.072321240635194795 0.034588500028560419 0.2135895772241474 0.22850157625492076 0.018013647826696972 0.19179837580670825 0.19962992806270807 0.18634333828930369 -0.0031064924540004668 0.22492011061186731 0.026783216122965407 0.021847417309263845 0.13553372738936253 0.072037991018592151 0.075901940440202195 0.098477765806371145 0.053448120860229355 0.021424002427228656 -0.0024161816396787968 0.21136156521819854 0.20149713607047556 0.15357355674332029 0.25507993196832152
leaf_weight=13753.556352030486 989.5516811311245 850.85934414714575 2102.4527881257236 2489.738257329911 3701.4444244392216 1842.2237280718982 2548.3589875325561 1368.9289258681238 7231.8702961914241 31909.66379756853 1470.253424782306 7459.1485806070268 1009.6968541406095 1451.7206140235066 1253.653688646853 1602.5713938102126 12099.707466267049 181.37932886742055 2026.3180776238441 5144.397190541029 465.79701326414943 6768.1096980012953 353.9248862862587 441.74879620224237 1756.0080603137612 1648.5892762243748 1661.1963995210826 12918.21155870147 1397.1697727050632 513.55508740246296 2427.2848580870777 641.85530582070351 2443.5485105514526 1048.4010103922337 2591.5020972080529 849.51148030534387 1288.8922146931291 12282.265036266297 547.51321084052324 413.28270631283522 642.5259161926806 314.3920880779624 968.33217370510101 319.14447067864239 2466.1616579368711 48257.865911871195 4345.8465940617025 126.90289172530174 1593.8454399891198 142.37556463852525 185.32032193616033 857.36832613684237 438.32462057843804 332.61472050100565 3742.6852870061994 950.67938658595085 2441.2970293611288 184.88266547396779 344.27030466124415 2255.1802819743752 243.62773585319519 67.888573925942183
leaf_count=368998 24572 18924 35687 53919 8208 18730 35596 26594 162076 88107 38727 28768 19631 23200 24725 26988 82684 2476 9543 54972 1665 35440 6779 9432 36356 26513 19501 69946 11128 7408 32937 8307 51501 11932 23623 16546 27028 36857 2653 7013 11984 3145 1815 6067 18938 66270 18384 2725 13263 2783 3731 8453 6654 4330 63307 15516 56468 4688 3432 12850 2854 935
internal_value=0.143034 0.0916119 0.175223 0.0481748 0.13247 0.120643 0.133624 0.102956 0.0293096 0.185915 0.0549792 0.144195 0.117533 0.126158 0.0834275 0.0924335 0.167346 0.134557 0.130946 0.122701 0.0953763 0.159136 0.102468 0.120823 0.0807363 0.133313 0.143252 0.157326 0.146371 0.16037 0.0972064 0.177351 0.0639746 0.163011 0.105544 0.122678 0.0995038 0.177379 0.174513 0.115617 0.14184 0.0678764 0.159356 0.119484 0.16438 0.19312 0.179518 0.172112 0.194247 0.208672 0.17992 0.0822135 0.145071 0.168941 0.0760804 0.110811 0.00630055 0.0419536 0.136669 0.185354 0.0329271 -0.00136187
internal_weight=226167 87070.6 139097 42809.5 27827.1 24125.6 44261.1 10966 31843.4 111270 15051.5 36888.4 12173 8476.3 7819.65 13922.8 31102.2 9624.66 6720.27 6746.97 4049.03 10202.9 6349.4 5095.74 7372.71 4654 7107.37 24715.4 17256.2 13431.8 3824.45 7409.97 7175.79 5575.63 4693.95 3039.33 5616.7 24382 1332.45 4522.22 2918.93 1603.28 5655.65 784.941 3005.41 80167.5 4527.23 2276.41 1863.12 1736.22 2651.48 1706.88 4687.32 3026.12 6186.23 2792.9 16791.9 2970.45 529.153 2587.8 1094.49 13821.4
internal_count=1924282 1273970 650312 874305 307541 299333 399665 148863 725442 342771 290921 273590 123403 94944 128845 221340 188394 87807 68853 81960 55015 77993 90118 65393 126075 55961 68350 150187 121419 77354 44065 43747 139380 32792 59310 35384 89719 119541 10385 67941 37768 30173 45150 7732 29448 154377 20860 25784 18771 16046 22669 24999 43335 23834 114808 34246 434521 64588 8120 17180 21778 369933
is_linear=0
shrinkage=0.02


Tree=4
num_leaves=63
num_cat=0
split_feature=1 4 4 3 0 4 16 4 19 16 20 3 2 20 18 3 20 8 171 5 9 13 20 0 3 17 1 6 5 19 9 6 17 18 20 5 19 7 13 1 16 6 6 8 3 13 6 17 17 0 7 4 14 7 16 8 9 7 3 9 13 19
split_gain=640441 304231 103987 81704.5 62697.3 51746.9 48538.7 46254.9 40716.9 28680.4 28138.8 26448.4 24094.5 21803.4 21469.8 19667.7 21329.1 19464.8 18004.7 17655.9 27400.8 17134.9 16699.2 15770.2 19540.8 15322.1 14975.5 13695.8 13072.4 13038.9 12534.5 12528.3 15270.2 12510.1 21090 12492.8 21592.6 13418.2 12859.7 11357.1 10990.8 10580.9 10341.6 10227.5 10074.7 11682.2 10058.8 9976.07 9823.61 11245.2 9452.3 9226.13 10602.4 9121.62 9093.92 9021.47 8751.1 9730.11 8641.79 8440.66 8328.77 8114.23
threshold=1.0000000180025095e-35 13825.500000000002 16724.750000000004 55219.750000000007 1.0000000180025095e-35 7080.1250000000009 53.919040679931648 7152.1250000000009 2.5000000000000004 53.928178787231452 10.500000000000002 54145.244140625007 14075.500000000002 2.5000000000000004 5.5000000000000009 47841.814453125007 2.5000000000000004 35.250000000000007 1.0000000180025095e-35 3214.6250000000005 17.44999980926514 5.6499998569488534 10.500000000000002 23.500000000000004 53757.550781250007 9.667213439941408 13.500000000000002 4.8750000000000009 1350.6250000000002 1.0000000180025095e-35 22.250000000000004 5.6250000000000009 10.215904235839846 8.5000000000000018 6.5000000000000009 5190.5000000000009 2.5000000000000004 129.04000091552737 4.6499998569488534 11.500000000000002 54.07289123535157 7.6250000000000009 6.1250000000000009 32.049999237060554 65935.101562500015 25.050000190734867 26.625000000000004 9.6480455398559588 9.4771285057067889 10.500000000000002 85.634998321533217 21136.875000000004 87.500000000000014 95.614997863769545 53.829820632934577 21.44999980926514 9.4499998092651385 105.46999740600587 52314.000000000007 31.750000000000004 6.9500000476837167 1.5000000000000002
decision_type=2 2 2 2 2 2 2 2 2 2 2 2 2 2 2 2 2 2 2 2 2 2 2 2 2 2 2 2 2 2 2 2 2 2 2 2 2 2 2 2 2 2 2 2 2 2 2 2 2 2 2 2 2 2 2 2 2 2 2 2 2 2
left_child=1 3 4 19 7 25 18 8 14 30 15 12 -8 -11 -2 27 56 31 21 -1 -21 -3 28 24 48 29 40 47 -15 53 -7 43 41 34 42 37 38 -13 -37 -4 -16 -33 59 -14 45 -30 -43 -9 49 -6 58 -35 -53 -5 -50 -29 -17 -58 -22 -23 -42 -28
right_child=2 6 39 5 23 9 11 10 -10 13 -12 35 17 22 26 16 -18 -19 -20 20 50 33 -24 -25 -26 -27 61 55 44 -31 -32 32 -34 51 -36 36 -38 -39 -40 -41 60 46 -44 -45 -46 -47 -48 -49 54 -51 -52 52 -54 -55 -56 -57 57 -59 -60 -61 -62 -63
leaf_value=0.0024082484847434897 0.017793345596386505 0.017574259332662573 0.15126397017397322 0.14726657230089488 0.065474688320778074 0.0080443978311835647 0.048869469421706412 0.17698597473433669 0.032500164517816774 0.033172536958334858 0.003388059675212946 0.143910094011555 0.0061591492454620986 0.04328639396356225 0.017991353703953179 0.001370939608077865 0.15311215212006415 0.15465081380599943 0.25434094893162557 0.027799280619091538 0.0071736732134140288 -0.003128592365514782 -0.010183245149343371 0.18005981000506688 0.15370642747996208 0.0070419087624165808 0.1797897096847075 0.02547052151094837 0.11291747336826817 0.03951062202022592 0.17819728922203465 0.12401144374496188 0.16873181849571517 0.019772365592843202 0.0080427881779106519 0.16067435849549136 0.060256987908067508 0.060141690389665527 0.07754624722437152 0.16555386614630263 0.038091428259314844 0.026716007985334182 0.16789404976898684 0.12157476557179467 0.19095823098606357 0.17966773893924257 0.10289114543769688 0.025023133415853216 -0.021229831533483342 0.13973824921133862 0.24015845437610414 0.14072712179963023 0.042416045117906073 0.052476237910473386 0.14331320856583465 0.097241284359986968 0.058869372648166919 0.16157359438926816 0.21734127080137389 0.21029195762255856 0.12858699081933544 0.093145908594007065
leaf_weight=14688.735029373318 907.00643279775977 2150.8090904392302 33095.349918138236 909.96738634258509 2370.2408194579184 1667.863443762064 2817.7750810272992 1004.1081128641963 4929.9419355504215 1254.4305371120572 710.71180343255401 22677.102705392987 958.730289850384 670.33468648418784 608.48320410400629 425.94950613379478 11977.168449621648 3352.8652491793036 207.89419431984425 4645.9510165303946 200.68082251399755 283.51199255511165 364.80918269976974 5209.4809150695801 16589.136740997434 4149.176640111953 1890.4110340997577 1096.3838054165244 5346.720477361232 4696.2514937333763 193.24018558487296 2398.9033009894192 1351.2713504321873 1445.717053424567 564.40748596936464 2754.8519488014281 2279.4949170611799 791.58260105922818 1019.9845473207533 67868.563545003533 497.97084531933069 1321.5696519874036 1654.3699667006731 451.85874006897211 1115.5938841998577 1304.6840627454221 1458.7659718282521 208.7195223942399 139.53254079446197 1243.479165751487 334.13018611073494 816.8518761061132 948.07300839200616 733.31370018795133 3620.4588028118014 1940.4276284463704 837.57337160781026 659.51841078326106 128.28563669323921 100.36570939794183 2222.0676238909364 560.54705394431949
leaf_count=381801 18881 46742 92338 10880 30457 40455 38327 7704 96426 22717 12206 102275 19259 12188 10824 7481 66278 11921 719 101520 3905 5469 7531 4755 60498 101223 14364 20458 49258 89480 1206 18778 9138 28085 10623 9332 29314 9239 11208 94286 8369 20451 11855 3809 4569 2810 14128 3658 2643 7377 1340 9752 17538 13155 27257 21405 8838 3835 559 400 22980 7275
internal_value=0.124217 0.082818 0.1485 0.0430924 0.127564 0.0693197 0.115334 0.107503 0.0761074 0.0978333 0.126839 0.123711 0.10119 0.11118 0.108259 0.131673 0.143185 0.114243 0.0706001 0.0137062 0.0449647 0.0658038 0.122298 0.148522 0.141665 0.0369215 0.122456 0.09402 0.128026 0.0564775 0.0257115 0.0971823 0.108858 0.0836478 0.116234 0.134477 0.108862 0.141085 0.138213 0.16087 0.0948303 0.0932362 0.146193 0.0431306 0.135339 0.126011 0.066683 0.150834 0.114576 0.0910287 0.165233 0.0572322 0.0879169 0.104966 0.137207 0.0713298 0.0813566 0.104114 0.0891318 0.0526707 0.11202 0.159974
internal_weight=254824 94210.9 160613 42404.2 59649.3 22406.4 51806.8 30477 11616.4 11917.7 18860.6 43634.8 14111.7 10056.6 6686.49 18149.8 13900.2 11294 8172 19997.8 5309.05 7964.11 8802.14 29172.3 23962.8 10488.7 5779.48 4249.64 8437.33 6339.53 1861.1 7941.1 6530.51 5813.3 2602.66 29523 6054.33 23468.7 3774.84 100964 3328.52 5179.24 2038.25 1410.59 7767 6651.4 2780.34 1212.83 7373.71 3613.72 663.097 3210.64 1764.92 1643.28 3759.99 3036.81 1923.04 1497.09 328.966 383.878 2720.04 2450.96
internal_count=1923552 1272959 650593 844597 463969 355472 428362 330982 179119 140734 151863 297179 135811 99073 82693 139657 86432 97484 131183 489125 107324 130464 76356 132987 128232 214738 63812 53225 68825 113515 41661 85563 62495 83722 28347 161368 49854 111514 20540 186624 42173 53357 17724 23068 56637 52068 34579 11362 67734 37834 5804 55375 27290 24035 29900 41863 20154 12673 4464 5869 31349 21639
is_linear=0
shrinkage=0.02


Tree=5
num_leaves=63
num_cat=0
split_feature=1 4 11 3 4 16 0 5 16 19 5 11 19 20 19 2 11 5 5 20 12 13 17 10 5 10 13 5 10 11 1 22 4 19 9 1 10 20 4 19 20 18 128 19 17 2 12 10 15 17 134 19 5 152 3 10 13 4 100 18 19 11
split_gain=459823 239472 81784.4 72302.9 43043.4 37871.6 33395.7 39416.9 24517.4 20757.8 20690.7 19828 19084.9 19015.4 18240.4 17577 16868.5 20672.3 17850 15489.9 15220.7 14652.2 13796.9 13531.5 12983.8 12284.6 12171.6 12047.4 11469.4 11147.3 10732.2 11558.3 10502.5 10343.8 9888.46 9320.87 9302.3 18992.1 10532 9164.84 9014.37 13727 8932.69 8629.01 8485.93 11449.7 8451.5 8215.96 7918.93 7799.97 7762.9 7649.57 7514.19 7446.98 7093.91 7908.85 7072.09 6914.81 7267.79 7262.6 16273.2 9687.46
threshold=1.0000000180025095e-35 13825.500000000002 23.19999980926514 55393.564453125007 6416.3750000000009 53.919040679931648 14.500000000000002 3722.0000000000005 53.928178787231452 5.5000000000000009 1114.1250000000002 29.35000038146973 2.5000000000000004 2.5000000000000004 2.5000000000000004 27289.705078125004 28.599999427795414 3544.0000000000005 5190.5000000000009 10.500000000000002 5.5000000000000009 5.6499998569488534 9.667213439941408 199.50000000000003 3214.6250000000005 80.500000000000014 2.4500000476837163 1350.6250000000002 57.500000000000007 41.600000381469734 14.500000000000002 1.0000000180025095e-35 5138.2500000000009 1.5000000000000002 22.250000000000004 33.500000000000007 227.50000000000003 2.5000000000000004 20218.000000000004 1.5000000000000002 6.5000000000000009 8.5000000000000018 1.0000000180025095e-35 4.5000000000000009 9.4168558120727557 16952.625000000004 20.500000000000004 307.50000000000006 0.35000000894069677 10.215904235839846 1.0000000180025095e-35 4.5000000000000009 4163.0000000000009 1.0000000180025095e-35 49157.425781250007 88.500000000000014 14.34999990463257 26206.000000000004 1.0000000180025095e-35 18.500000000000004 5.5000000000000009 12.400000095367433
decision_type=2 2 2 2 2 2 2 2 2 2 2 2 2 2 2 2 2 2 2 2 2 2 2 2 2 2 2 2 2 2 2 2 2 2 2 2 2 2 2 2 2 2 2 2 2 2 2 2 2 2 2 2 2 2 2 2 2 2 2 2 2 2
left_child=1 3 6 11 22 21 7 12 34 16 14 -1 20 -10 -4 -13 17 -7 44 27 42 -3 33 54 29 -19 -14 -15 -11 -17 31 32 -12 -5 -6 -16 49 -38 -39 -20 41 -23 -2 -43 53 -46 -26 -31 -29 52 -24 -25 -27 -18 -9 -56 -41 58 59 -28 -61 -62
right_child=2 5 10 4 8 9 -8 23 13 28 30 15 26 19 35 24 18 25 39 -21 -22 40 50 51 46 36 57 48 -30 47 -32 -33 -34 -35 -36 -37 37 38 -40 56 -42 43 -44 -45 45 -47 -48 -49 -50 -51 -52 -53 -54 -55 55 -57 -58 -59 -60 60 61 -63
leaf_value=0.0024989723156091017 0.057481534277355834 0.020294923259319912 0.12799941476184981 0.07675985595640146 0.008858967116096678 0.017987388565768484 0.1476027409328006 0.036751814963043063 0.028823839677156574 0.18121714137113148 0.065835338420993345 0.012662631351345679 -0.0024770765657854223 0.038414021753950672 0.049515841111691321 0.018434690593673145 0.13614333657230937 0.14197684520219278 0.11411726046857645 -0.011597258121291663 0.11743574211677377 0.12805653900193004 -0.0012206650707095011 0.13592458335710414 0.17892516987423043 0.11396978581641365 0.041139434780671634 0.12154160836592255 0.052340324348865985 -0.021198342282027289 0.14248218299118229 0.026639864061887144 0.13298922598213428 0.024031003115143092 0.14890135793718984 0.12818812621254888 -0.00010446175265887036 0.14896847716844125 0.037481203770919673 0.033684912071495321 0.040566222356876652 0.079293552072381437 0.22769115426629621 -0.015248349174785441 0.079727938163699483 0.12370766588046248 0.036513765827752946 0.23403407941443843 -0.0069560476011930094 0.12281096237663305 0.24825541655128555 0.072986226519299258 0.034441702063101862 -0.021958230602084686 0.15907767669479822 0.077123063501703448 0.11434483899174079 0.20223974149739074 0.18237836204727806 0.044185558063207377 0.012825570647066707 0.21624912514543998
leaf_weight=15776.047060281038 3640.515364266932 2240.9811804331839 5575.7644390203059 3059.8912204056978 1870.313575360924 1343.8843079693615 5277.8038016073406 937.95991732180119 1396.7791651822627 301.73630618676543 946.62377707287669 2464.9698901809752 1459.7599340938032 810.65041434392333 2486.9877505600452 1008.1718784719706 16623.602434430271 2301.6761709451675 1867.1562073417008 420.1735614053905 4610.1508467718959 2361.3449957855046 3699.0733804367483 8962.6794893853366 729.64390175417066 602.52808751538396 4358.7502785734832 9059.2602983303368 3266.0403143726289 68.841581899672747 76617.832653645426 420.05780359730124 58546.349261604249 2897.0849911160767 226.05998059734702 794.92568895965815 503.96975391730666 2405.9097165875137 394.51549557596445 1696.1241629607975 1729.3371408432722 1885.782653234899 127.65617759898305 485.60511949658394 3067.4810095690191 10381.093824125826 216.0433666408062 188.81566248461604 195.98892031610012 774.62232481315732 50.573577709496021 845.293906070292 2249.2874964028597 120.03074517846107 681.13196417689323 1526.7852584607899 584.68785123154521 136.7818737924099 183.761076066643 1075.7553347051144 117.18633139878511 466.06321180984378
leaf_count=408776 55848 47054 24015 45227 45229 22460 9408 13949 24799 926 10159 54192 29748 14431 30828 21932 50385 5929 11057 8863 36948 17828 91736 36577 3320 4964 72486 59481 38223 1325 109285 4648 160892 57436 1215 2867 7590 10304 5162 21749 29804 26684 835 9959 22856 47670 3409 690 3107 6935 396 8699 34564 1519 3811 14549 5092 337 1226 17384 2316 3600
internal_value=0.109838 0.075765 0.12904 0.0407672 0.0645536 0.102777 0.101312 0.0929255 0.0870199 0.109673 0.135602 0.0132205 0.0721066 0.0981449 0.10598 0.0493893 0.113361 0.0912757 0.120163 0.107379 0.0930646 0.0643619 0.0321983 0.118924 0.0903251 0.101944 0.0495891 0.112345 0.0632398 0.0484389 0.137524 0.131183 0.131921 0.051116 0.0239603 0.0685714 0.0886489 0.112922 0.133262 0.0812602 0.0796438 0.0939228 0.0632478 0.0599336 0.125507 0.113676 0.146391 0.16584 0.118821 0.0665312 0.00214416 0.1305 0.0512443 0.13501 0.0828306 0.102406 0.0543621 0.0615804 0.058478 0.0546945 0.0903081 0.175377
internal_weight=281122 101326 179797 44138.4 23685.8 57187.4 34408 29130.2 13979.2 48484.3 145389 20452.5 16176.4 11882.9 8857.68 4676.49 44916.6 10576.4 34340.2 10486.1 8378.32 8703.05 9706.62 12953.9 2211.52 9232.51 7798.06 10065.9 3567.78 1265.83 136531 59913 59493 5956.98 2096.37 3281.91 6930.83 3304.39 2800.43 4147.97 6462.07 4732.73 3768.17 2371.39 30192.2 13448.6 945.687 257.657 9255.25 3626.44 3749.65 9807.97 2851.82 16743.6 3145.88 2207.92 2280.81 6338.3 6201.52 6017.76 1659 583.25
internal_count=1924693 1274278 650415 845564 351920 428714 307721 298313 157125 297385 342694 493644 220728 110681 57710 84868 258236 97908 160328 85882 93631 131329 194795 77585 30676 75448 127097 77019 39149 23947 284984 175699 171051 102663 46444 33695 69519 23056 15466 37898 84275 54471 56683 36643 122430 70526 6729 2015 62588 46463 92132 45276 39528 51904 32309 18360 26841 97349 97012 95786 23300 5916
is_linear=0
shrinkage=0.02


end of trees

feature_importances:
wind_offshore=35
wx_wind_direction_100m=31
lon=29
total_load=27
wx_temperature_2m=25
dow=24
wx_wind_gusts_10m=22
wind_onshore=21
lat=20
month=17
active_24h_lag24=16
solar=14
active_7d_lag24=11
residual_load=10
hour=10
wx_wind_speed_10m=9
day_ahead=8
wx_cloud_cover=7
wx_wind_speed_100m=6
town_110kV_Reußenköge_(Privat)=3
town_Str?bbel=3
wx_shortwave_radiation=2
wx_precipitation=2
is_de_holiday=2
town_Brachenfeld=2
town_Heide=2
town_Lübke_Koog_Ost=2
town_Lütjenbrode=2
town_St._Peter=2
is_weekend=1
town_110kV_Dörpum_1_(Privat)=1
town_Ahrenviöl=1
town_Linden=1
town_Niebüll=1
town_Ostermoor_West=1
town_Quickborn=1
town_Uelvesbüll=1

parameters:
[boosting: gbdt]
[objective: binary]
[metric: average_precision,binary_logloss]
[tree_learner: serial]
[device_type: cpu]
[data_sample_strategy: bagging]
[data: ]
[valid: ]
[num_iterations: 4000]
[learning_rate: 0.02]
[num_leaves: 63]
[num_threads: 16]
[seed: 0]
[deterministic: 0]
[force_col_wise: 0]
[force_row_wise: 0]
[histogram_pool_size: -1]
[max_depth: -1]
[min_data_in_leaf: 200]
[min_sum_hessian_in_leaf: 0.001]
[bagging_fraction: 0.85]
[pos_bagging_fraction: 1]
[neg_bagging_fraction: 1]
[bagging_freq: 1]
[bagging_seed: 3]
[bagging_by_query: 0]
[feature_fraction: 0.85]
[feature_fraction_bynode: 1]
[feature_fraction_seed: 2]
[extra_trees: 0]
[extra_seed: 6]
[early_stopping_round: 0]
[early_stopping_min_delta: 0]
[first_metric_only: 0]
[max_delta_step: 0]
[lambda_l1: 0]
[lambda_l2: 0]
[linear_lambda: 0]
[min_gain_to_split: 0]
[drop_rate: 0.1]
[max_drop: 50]
[skip_drop: 0.5]
[xgboost_dart_mode: 0]
[uniform_drop: 0]
[drop_seed: 4]
[top_rate: 0.2]
[other_rate: 0.1]
[min_data_per_group: 100]
[max_cat_threshold: 32]
[cat_l2: 10]
[cat_smooth: 10]
[max_cat_to_onehot: 4]
[top_k: 20]
[monotone_constraints: ]
[monotone_constraints_method: basic]
[monotone_penalty: 0]
[feature_contri: ]
[forcedsplits_filename: ]
[refit_decay_rate: 0.9]
[cegb_tradeoff: 1]
[cegb_penalty_split: 0]
[cegb_penalty_feature_lazy: ]
[cegb_penalty_feature_coupled: ]
[path_smooth: 0]
[interaction_constraints: ]
[verbosity: -1]
[saved_feature_importance_type: 0]
[use_quantized_grad: 0]
[num_grad_quant_bins: 4]
[quant_train_renew_leaf: 0]
[stochastic_rounding: 1]
[linear_tree: 0]
[max_bin: 255]
[max_bin_by_feature: ]
[min_data_in_bin: 3]
[bin_construct_sample_cnt: 200000]
[data_random_seed: 1]
[is_enable_sparse: 1]
[enable_bundle: 1]
[use_missing: 1]
[zero_as_missing: 0]
[feature_pre_filter: 1]
[pre_partition: 0]
[two_round: 0]
[header: 0]
[label_column: ]
[weight_column: ]
[group_column: ]
[ignore_column: ]
[categorical_feature: ]
[forcedbins_filename: ]
[precise_float_parser: 0]
[parser_config_file: ]
[objective_seed: 5]
[num_class: 1]
[is_unbalance: 1]
[scale_pos_weight: 1]
[sigmoid: 1]
[boost_from_average: 1]
[reg_sqrt: 0]
[alpha: 0.9]
[fair_c: 1]
[poisson_max_delta_step: 0.7]
[tweedie_variance_power: 1.5]
[lambdarank_truncation_level: 30]
[lambdarank_norm: 1]
[label_gain: ]
[lambdarank_position_bias_regularization: 0]
[eval_at: ]
[multi_error_top_k: 1]
[auc_mu_weights: ]
[num_machines: 1]
[local_listen_port: 12400]
[time_out: 120]
[machine_list_filename: ]
[machines: ]
[gpu_platform_id: -1]
[gpu_device_id: -1]
[gpu_use_dp: 0]
[num_gpu: 1]

end of parameters

pandas_categorical:[]
