tree
version=v4
num_class=1
num_tree_per_iteration=1
label_index=0
max_feature_idx=197
objective=binary sigmoid:1
feature_names=active_24h_lag24 active_7d_lag24 residual_load total_load wind_onshore wind_offshore solar day_ahead wx_wind_speed_100m wx_wind_speed_10m wx_wind_direction_100m wx_wind_gusts_10m wx_shortwave_radiation wx_temperature_2m wx_cloud_cover wx_precipitation lat lon hour dow month is_weekend is_de_holiday town_110kV_Alt_Bennebek_(Privat) town_110kV_Bad_Oldesloe_(Privat) town_110kV_Barderup_(Privat) town_110kV_Breklum_(Privat) town_110kV_Dörpum_1_(Privat) town_110kV_Dörpum_2_(Privat) town_110kV_Flensburg_I town_110kV_Gasthafen_Niebüll_GmbH_(Privat) town_110kV_Geschendorf_(Privat) town_110kV_Grevenkop_(Privat) town_110kV_Großenwiehe_(Privat) town_110kV_Haby_(Privat) town_110kV_Heiligenhafen-Ost_(Privat) town_110kV_Hemme-Ost_(Privat) town_110kV_Hobstin_(Privat) town_110kV_Kamp_(Privat) town_110kV_Kastorf_(Privat) town_110kV_Klixbuell_(Privat) town_110kV_Krüzen_(Privat) town_110kV_Oldenswort_(Privat) town_110kV_Ostermoor-Ost_(Privat) town_110kV_Pölitz_(privat) town_110kV_Reußenköge_(Privat) town_110kV_Sieverstedt_(Privat) town_110kV_Südermarsch_(privat) town_110kV_Weding town_110kV_Weesby_(Privat) town_110kV_Weseby_(Privat) town_Ahrensburg_Nord town_Ahrenviöl town_Arkebek town_BOSA town_Bad_Bramstedt town_Bad_Bramstedt_Alt town_Bad_Segeberg town_Bahrenkrug town_Bargteheide town_Barlt town_Bisdorf town_Bokhorst town_Bollingstedt_Nord town_Bollingstedt_Süd town_Bornhöved town_Braak town_Brachenfeld town_Bramstedt town_Bramstedt_Süd town_Breklum town_Breklum_Ost town_Brokstedt town_Cismar_West town_Dieksanderkoog town_Dingen town_Eckernförde town_Ellenberg town_Elmshorn_Mitte town_Elmshorn_Ost town_Emmelsbüll_Ost town_Eutin_Süd town_Felde town_Friedrichstadt town_Geesthacht_Ost town_Geesthacht_West town_Gettorf town_Glinde town_Glückstadt town_Goosefeld town_Goosefeld_Neu town_Gravelund town_Großwaabs town_Göhl town_Göhl_Wind town_Hademarschen town_Halstenbek town_Hamburg_Nord town_Handewitt town_Heede town_Heide town_Heide_West town_Heiligenhafen town_Hemme_Ost town_Hemme_West town_Hohenwestedt town_Hohenwestedt_alt town_Holm town_Horstedt town_Husum town_Husum_Adlerhorst town_Husum_Nord town_Höhndorf town_Itzehoe_Mitte town_Itzehoe_Nord town_Itzehoe_Süd town_Jevenstedt town_Jübek_Ost town_Kaltenkirchen_Nord town_Kaltenkirchen_Süd town_Katenstedt town_Klixbüll town_Krogaspe town_Kropp town_Krüzen_West town_Langenhorn town_Lauenburg town_Lensahn town_Linden town_Lindewitt town_Lindewitt_Nord town_Löwenstedt town_Lübke_Koog_Ost town_Lübke_Koog_West town_Lütjenbrode town_Lütjenburg town_Marne_West town_Meldorf town_Mölln_West town_Neumünster_Mitte town_Neumünster_Nord town_Neumünster_Ost town_Neumünster_Süd town_Neumünster_West town_Niebüll town_Niendorf town_Nortorf town_Nortorf_Steinburg town_Oldenborstel town_Oldersbek town_Ostermoor_West town_Pinneberg_Mitte town_Quickborn town_Quickborn_D. town_Quickborn_Ost town_Quickborn/Dithmarschen town_Reinsbüttel town_Rendsburg_Mitte town_Rendsburg_Nord town_Rogerfelde town_Schacht town_Scharbeutz town_Schenefeld_HH town_Schobüll town_Schuby town_Schuby_West town_Schwarzenbek town_Schwensby town_Sieverstedt_Süd town_Sillerup town_Soholm town_St._Peter town_Steinburg town_Stolpe town_Str?bbel town_Struxdorf town_Strübbel town_Süderbrarup town_Süderdeich town_Tarp town_Toftum town_Trenter_Berg town_Tönning town_Uelvesbüll town_Uetersen_W town_Uetersen_West town_Vollstedt town_W town_Wahlstedt town_Wahlstedt_Neu town_Wattenbek town_Wedel_Nord town_Weding town_Weesby town_Weißenhaus town_Willinghusen town_Wöhrden town_Wöhrden_Ost
feature_infos=[0:24] [0:168] [-8229.83984375:68624.75] [32813.25:76298.25] [47:46510.75] [0:7901.5] [2:52466.25] [-250.32000732421875:936.280029296875] [0.40000000596046448:63.799999237060547] [0:42.200000762939453] [0:360] [0.69999998807907104:82.400001525878906] [0:876] [-13.199999809265137:34.099998474121094] [0:100] [0:12.699999809265137] [51.479747772216797:54.863014221191406] [7.0257678031921387:13.282715797424316] [0:23] [0:6] [1:12] [0:1] [0:1] [0:1] [0:1] [0:1] [0:1] [0:1] [0:1] [0:1] [0:1] [0:1] [0:1] [0:1] [0:1] [0:1] [0:1] [0:1] [0:1] [0:1] [0:1] [0:1] [0:1] [0:1] [0:1] [0:1] [0:1] [0:1] [0:1] [0:1] [0:1] [0:1] [0:1] [0:1] [0:1] [0:1] [0:1] [0:1] [0:1] [0:1] [0:1] [0:1] [0:1] [0:1] [0:1] [0:1] [0:1] [0:1] [0:1] [0:1] [0:1] [0:1] [0:1] [0:1] [0:1] [0:1] [0:1] [0:1] [0:1] [0:1] [0:1] [0:1] [0:1] [0:1] [0:1] [0:1] [0:1] [0:1] [0:1] [0:1] [0:1] [0:1] [0:1] [0:1] [0:1] [0:1] [0:1] [0:1] [0:1] [0:1] [0:1] [0:1] [0:1] [0:1] [0:1] [0:1] [0:1] [0:1] [0:1] [0:1] [0:1] [0:1] [0:1] [0:1] [0:1] [0:1] [0:1] [0:1] [0:1] [0:1] [0:1] [0:1] [0:1] [0:1] [0:1] [0:1] [0:1] [0:1] [0:1] [0:1] [0:1] [0:1] [0:1] [0:1] [0:1] [0:1] [0:1] [0:1] [0:1] [0:1] [0:1] [0:1] [0:1] [0:1] [0:1] [0:1] [0:1] [0:1] [0:1] [0:1] [0:1] [0:1] [0:1] [0:1] [0:1] [0:1] [0:1] [0:1] [0:1] [0:1] [0:1] [0:1] [0:1] [0:1] [0:1] [0:1] [0:1] [0:1] [0:1] [0:1] [0:1] [0:1] [0:1] [0:1] [0:1] [0:1] [0:1] [0:1] [0:1] [0:1] [0:1] [0:1] [0:1] [0:1] [0:1] [0:1] [0:1] [0:1] [0:1] [0:1] [0:1] [0:1] [0:1] [0:1] [0:1] [0:1] [0:1] [0:1]
tree_sizes=6857 6932 6913 6905 6915 6950 7038 6961 7022 7022 6971

Tree=0
num_leaves=63
num_cat=0
split_feature=4 1 1 16 11 0 11 11 5 5 5 11 16 5 13 21 0 8 10 0 10 21 10 5 3 4 21 18 14 16 171 13 18 3 21 3 17 11 0 4 17 10 10 3 10 16 8 14 1 13 16 5 13 3 2 0 13 0 13 5 144 113
split_gain=3.11639e+06 1.17007e+06 719724 261477 171045 130606 122938 116662 115311 100157 81911.3 76585.6 70485.2 64908.2 62152.9 59446.5 55817.7 49098.4 46577.4 42623 42227.4 40180.1 38823.6 37396.1 36531.6 34616.5 33397.5 30308.4 30070.8 29670.9 28628.3 27291.6 27248.1 26295.5 25583.2 25322.1 25115.6 23988.8 23096.8 24431.7 22688 21902.9 21726.4 22655.8 21101.1 20876.2 19698.2 19682.7 19203 17182.8 17182 16786.3 21391.8 38341.3 15891.6 15880.3 15682.8 15510.3 15301.5 15933.9 15232.8 15577.6
threshold=13825.500000000002 1.0000000180025095e-35 1.0000000180025095e-35 53.928178787231452 22.85000038146973 17.500000000000004 31.85000038146973 29.35000038146973 2833.6250000000005 1451.0000000000002 3658.6250000000005 38.000000000000007 53.928178787231452 3432.0000000000005 11.150000095367433 1.0000000180025095e-35 22.500000000000004 19.44999980926514 76.500000000000014 1.0000000180025095e-35 329.50000000000006 1.0000000180025095e-35 182.50000000000003 5010.3750000000009 58700.835937500007 9685.5000000000018 1.0000000180025095e-35 14.500000000000002 8.5000000000000018 53.829820632934577 1.0000000180025095e-35 5.6499998569488534 17.500000000000004 48471.759765625007 1.0000000180025095e-35 57874.955078125007 9.2086114883422869 18.550000190734867 10.500000000000002 5533.6250000000009 9.2086114883422869 97.500000000000014 237.50000000000003 54145.244140625007 93.500000000000014 54.819992065429695 27.550000190734867 1.0000000180025095e-35 17.500000000000004 5.6499998569488534 54.065216064453132 1434.8750000000002 7.6499998569488534 64518.750000000007 29652.250000000004 1.0000000180025095e-35 12.34999990463257 2.5000000000000004 7.6499998569488534 5222.1250000000009 1.0000000180025095e-35 1.0000000180025095e-35
decision_type=2 2 2 2 2 2 2 2 2 2 2 2 2 2 2 2 2 2 2 2 2 2 2 2 2 2 2 2 2 2 2 2 2 2 2 2 2 2 2 2 2 2 2 2 2 2 2 2 2 2 2 2 2 2 2 2 2 2 2 2 2 2
left_child=2 3 8 30 5 10 13 22 11 16 21 35 -10 -5 23 17 55 37 49 20 29 27 34 40 38 -13 46 60 -27 -9 31 -2 42 -12 -3 -1 -19 -14 39 -11 45 -39 43 -20 -38 -8 -16 -28 -24 -15 -42 -37 -53 -54 -25 -6 -49 -29 59 -26 61 -4
right_child=1 7 4 6 9 -7 14 19 12 24 33 25 15 18 26 -17 -18 36 32 -21 -22 -23 48 54 58 28 47 57 -30 -31 -32 -33 -34 -35 -36 51 44 41 -40 -41 50 -43 -44 -45 -46 -47 -48 56 -50 -51 -52 52 53 -55 -56 -57 -58 -59 -60 -61 -62 -63
leaf_value=-2.8848775340753927 -2.866589941473634 -2.6448258808788747 -2.770112639345649 -2.8482704740007989 -2.7974915108856067 -2.5684677775037863 -2.6023015027525842 -2.7704899997704815 -2.8733443403199272 -2.8339412394807737 -2.7807653726897374 -2.8668789127958525 -2.856244947248781 -2.5778635069245501 -2.680254399529578 -2.859255791497759 -2.5252698116623411 -2.663351340630415 -2.7895507438283764 -2.5359177169952765 -2.8850807275847954 -2.8625438356985304 -2.6253192044390739 -2.7950873629733723 -2.7339630123664773 -2.5591127908979985 -2.5830093209145977 -2.8542380650237225 -2.7545458495305617 -2.5699000854478755 -2.5652958057248205 -2.7894758648050595 -2.7904191032597039 -2.6707869808248397 -2.7624501339228549 -2.8680609712463765 -2.6497040636603377 -2.6583251571188899 -2.5640021692301405 -2.6826546023143245 -2.7831788567474938 -2.799427848912186 -2.6567652503321399 -2.6962926949419761 -2.7769399276372186 -2.7830150909523637 -2.5939976300254575 -2.6564452919980428 -2.5689721843446316 -2.8469003354018931 -2.6767190357741804 -2.8802803025214412 -2.8190524418316381 -2.6277726977244136 -2.6902866091332127 -2.721052035424862 -2.827050308351633 -2.7570420648585872 -2.5972364961651082 -2.5693673456609973 -2.5945653352715281 -2.5973266285021666
leaf_weight=21270.4870807603 2654.2785263508558 2922.2083853892982 6219.8058402240276 1742.9754386283457 3156.01244173944 1244.2579446472228 2399.1458227187395 299.40600239112973 3855.2591282986104 469.73825899884105 1230.2791313864291 795.75595021247864 1908.7301349192858 1123.764490313828 1227.8411197848618 2635.7547398209572 399.94902051240206 2344.8834985867143 1823.2170777283609 23231.117379084229 174.78910757601261 3494.5575257129967 5395.4562640637159 1597.1167215108871 725.78368182480335 415.26024815812707 327.30744383111596 2726.7186966836452 1303.4198975078762 19891.79165879637 190.36793910339475 5953.2337216474116 2346.7186432406306 2966.3947098217905 990.29751143604517 5831.8055685758591 661.60561900213361 618.09044571965933 586.75289517268538 4691.3128397762775 748.63141628354788 1527.5536751747131 2032.5195343494415 2431.8321944735944 2459.717682287097 286.20246349275112 7701.6866060942411 343.34624179825187 4385.8837354741991 103.72197401151061 3191.8594327308238 1359.2788708992302 2246.4437917508185 515.32414153590798 907.68967827409506 1658.3941095881164 578.93889656290412 865.07763262838125 4890.091180305928 348.08963584527373 218.64156832545996 215.95607231557369
leaf_count=403571 48069 22330 84314 30058 46861 5023 13517 4064 71048 7783 17296 14422 33635 5035 11436 46821 799 19969 26388 58087 3318 62619 36261 23533 8600 1493 1546 47791 16711 81647 740 86142 34061 26303 13066 106019 5208 5117 2245 44226 10610 22821 16677 24491 34136 4054 40373 2812 17810 1782 29196 25495 35642 3523 8884 18640 9404 11193 26382 1420 1152 1166
internal_value=-2.70594 -2.62826 -2.7937 -2.71169 -2.72573 -2.76662 -2.68431 -2.57043 -2.84303 -2.67939 -2.78036 -2.86401 -2.79883 -2.73576 -2.65339 -2.7752 -2.7523 -2.75193 -2.71587 -2.55443 -2.57555 -2.80398 -2.62135 -2.69128 -2.64693 -2.75782 -2.61941 -2.78401 -2.70733 -2.57287 -2.80789 -2.81326 -2.73226 -2.70303 -2.6746 -2.87256 -2.71281 -2.80467 -2.68291 -2.69642 -2.66639 -2.75878 -2.71056 -2.73625 -2.74997 -2.62156 -2.60586 -2.71625 -2.60005 -2.6006 -2.69694 -2.84623 -2.81533 -2.78336 -2.75711 -2.77116 -2.76354 -2.83083 -2.61225 -2.68061 -2.75874 -2.76431
internal_weight=182861 97003.3 85857.2 39712.4 36107.8 19181.7 30914.5 57291 49749.4 16926.1 17937.4 33737.8 16011.6 11604.7 19309.8 12156.3 5214.36 9520.58 9861.77 43597.1 20366 13740.8 13693.8 9130.65 11711.8 2514.44 10179.1 10246.2 1718.68 20191.2 8797.88 8607.51 8634.29 4196.67 3912.51 31223.3 5466.21 4054.37 5747.8 5161.05 6625.84 2145.64 6287.57 4255.05 3121.32 2685.35 8929.53 1249.59 9781.34 1227.49 3940.49 9952.85 4121.05 2761.77 2504.81 4814.41 922.285 3591.8 5963.96 1073.87 6654.4 6435.76
internal_count=1924835 665391 1259444 428808 413813 256857 293857 236583 845631 156956 251834 606876 238755 138492 155365 167707 66300 120886 108434 147116 89029 208235 89467 89794 90656 32626 65571 145616 18204 85711 134951 134211 101617 43599 35396 574250 59313 61573 54254 52009 57377 27938 67556 50879 39344 17571 51809 13762 54071 6817 39806 170679 64660 39165 32417 65501 12216 58984 36402 10020 86632 85480
is_linear=0
shrinkage=1


Tree=1
num_leaves=63
num_cat=0
split_feature=4 16 16 3 11 171 4 5 171 19 150 10 17 2 5 19 11 8 16 19 5 17 17 13 17 13 174 183 10 132 45 18 145 14 19 4 5 11 3 10 6 7 5 8 19 150 17 11 67 6 16 17 11 16 16 13 13 22 4 16 8 27
split_gain=1.8249e+06 291471 248870 205296 137797 107381 101667 79196.8 58404.9 49333.5 48224.2 47662.7 45508.7 41224.5 44015.7 39494.7 38789.7 34620.1 34060.4 33487.4 32904.1 27106.5 26792.5 25548 24636.5 23159.2 22796.9 22566.9 21871.8 21315.2 20760.3 20640.8 20507.6 18489.6 20792.5 18347 17965 17806.6 17131.7 17021.4 16192.1 15852.3 15828.4 15969.2 15557.4 15152.4 15059.8 14983.9 14739.3 14043.9 16916.6 13999.7 13879.9 13739.7 13732.4 13453.2 14949 13348.7 13259 13177.2 13149.1 13142.7
threshold=13825.500000000002 53.928178787231452 53.928178787231452 57518.500000000007 31.85000038146973 1.0000000180025095e-35 7354.2500000000009 2733.6250000000005 1.0000000180025095e-35 2.5000000000000004 1.0000000180025095e-35 181.50000000000003 9.1928801536560076 26326.500000000004 2958.8750000000005 3.5000000000000004 31.149999618530277 16.94999980926514 54.819992065429695 3.5000000000000004 3076.1250000000005 10.328865528106691 9.1928801536560076 6.8500001430511483 10.247367382049562 10.050000190734865 1.0000000180025095e-35 1.0000000180025095e-35 301.50000000000006 1.0000000180025095e-35 1.0000000180025095e-35 15.500000000000002 1.0000000180025095e-35 98.500000000000014 4.5000000000000009 16877.375000000004 1796.8750000000002 47.70000076293946 43159.125000000007 271.50000000000006 58.125000000000007 85.305000305175795 4652.6250000000009 29.550000190734867 4.5000000000000009 1.0000000180025095e-35 9.2086114883422869 52.399999618530281 1.0000000180025095e-35 6.1250000000000009 54.493692398071296 9.2489171028137225 36.20000076293946 54.363836288452156 53.935955047607429 11.84999990463257 9.9499998092651385 1.0000000180025095e-35 19453.750000000004 54.574542999267585 12.34999990463257 1.0000000180025095e-35
decision_type=2 2 2 2 2 2 2 2 2 2 2 2 2 2 2 2 2 2 2 2 2 2 2 2 2 2 2 2 2 2 2 2 2 2 2 2 2 2 2 2 2 2 2 2 2 2 2 2 2 2 2 2 2 2 2 2 2 2 2 2 2 2
left_child=2 5 8 7 9 10 15 16 45 20 24 35 18 -8 28 23 19 -9 26 57 -3 38 -13 48 25 39 27 30 -15 -20 61 60 -23 34 40 -11 -25 -18 -14 -2 -19 -35 43 -40 -27 -1 -33 -41 54 -24 -51 -38 -36 -37 -5 56 -43 59 -26 -4 -22 -6
right_child=1 4 3 6 12 -7 13 17 -10 11 -12 22 21 14 -16 -17 37 33 29 -21 31 32 49 36 58 44 -28 -29 -30 -31 -32 46 -34 41 52 53 51 -39 42 47 -42 55 -44 -45 -46 -47 -48 -49 -50 50 -52 -53 -54 -55 -56 -57 -58 -59 -60 -61 -62 -63
leaf_value=-0.0028349887399915976 -0.0065299268893144529 0.12215113798235791 0.080039919743340598 0.25624290277110673 0.24848075018319329 0.25315243521710945 0.21631665822973059 0.053727786346238898 0.17192009256899393 0.037575522370410876 0.2283089048922054 0.20749828093224512 0.081451577617196097 0.064036649819452091 0.17594139010652624 0.010877963316066448 0.085561314943066888 0.092941288810748035 0.082827048357171335 0.015057035265252833 0.07192397335437882 0.23688637444082666 0.072642692737808989 0.10518308227904331 0.062532055732652969 0.11229493939502475 -0.021415120325148602 -0.021416561727776111 0.18684397721228038 0.23620864802574729 0.0018869377053634595 0.20635015656080274 -0.021373738766273891 0.10929027563977327 0.030070545296555853 0.15485440270385956 0.19220155702350203 0.20036227618762589 0.16878292856057084 0.047405797222064817 0.1784326503345017 0.16974063243542264 0.17513928228673417 0.21857859014711756 -0.0049679497154464279 0.10300155772218944 0.12912666787604624 0.25238505754810736 0.27827252428043464 0.17703227729413393 0.076052093982812721 0.12012343062028473 0.17121055518971029 0.080234724626472978 0.058800460211108921 0.096521436467354962 0.27686890734145192 -0.0075843633078411365 0.14081817731008364 0.032367001865825633 0.22594733395968905 0.07931682793433692
leaf_weight=14690.76952368021 2733.5696077495813 1959.8598877824843 8861.3977363817394 145.65484521910548 34855.570743847638 1818.6843744143844 5261.9293511509895 3609.5918850675225 844.59950739145279 1325.0598896220326 898.38035703450441 5233.4409190788865 493.97428119555116 2769.0937876664102 7334.4500026777387 1784.2523608617485 4921.7923674955964 2029.8370621688664 865.46797608584166 11727.429342389107 226.18642862513661 12059.846970424056 917.37193238735199 5774.802772782743 1285.6134182699025 2558.9611773490906 128.29836155846715 126.09053220227361 733.81490744650364 623.50213132798672 138.09686720743775 2169.6250489242375 124.25431523099542 1965.0241743251681 1821.0167833976448 2335.8419178463519 2342.7454060874879 607.10850912332535 3098.018122818321 532.13882687315345 1572.8251877352595 1676.448204934597 7160.4489373229444 15291.021506655961 549.79112442210317 561.78296713903546 1890.1727460026741 194.89081532880664 133.80335224792361 3633.7162447907031 811.85315960273147 1996.4182673953474 329.06856054067612 1709.3116344176233 4320.2556873224676 589.21748707816005 755.99064029753208 1026.380290672183 2647.3225119821727 3141.3783452659845 11197.594330679625 184.68164107948542
leaf_count=273134 49749 19796 124267 495 82543 3779 28692 53995 7214 19561 3778 27254 5651 38968 54011 30573 64797 24552 10248 206484 2651 37243 11317 71663 18192 29895 2091 2053 4904 2061 2070 11558 2075 22635 29405 20668 16202 4437 20959 8359 11965 14024 46128 63314 9588 7172 17907 1093 477 25167 9929 21580 2869 21664 63949 7010 2162 18887 27466 52291 47388 2073
internal_value=0.148107 0.199104 0.0815649 0.0964752 0.209902 0.110436 0.134632 0.068609 0.0100279 0.176108 0.0876688 0.150705 0.224926 0.170387 0.148086 0.0997402 0.0502714 0.107313 0.240762 0.0395749 0.199359 0.20963 0.175305 0.110516 0.0756382 0.0519368 0.2447 0.245667 0.0897632 0.147055 0.246625 0.209132 0.234253 0.125323 0.100891 0.102166 0.128289 0.0981672 0.198111 0.0163451 0.130265 0.153509 0.200366 0.210189 0.0915567 0.00106319 0.170396 0.102353 0.071437 0.143889 0.158591 0.159039 0.0516719 0.123323 0.06524 0.182266 0.203036 0.0616431 0.115228 0.0675629 0.222898 0.247589
internal_weight=215108 121779 93328.9 77231.7 108559 13219.4 32597.2 44634.5 16097.2 33410 11400.7 15966.6 75149.3 16099.3 10837.4 16497.9 30285.5 14349 36921.7 24756.6 17443.4 38227.6 10596.4 14713.7 10502.3 6569.35 35432.7 35304.4 3502.91 1488.97 35178.3 15483.6 12184.1 10739.4 5752.75 5370.21 10114 5528.9 26043.5 3460.6 3602.66 4986.68 25549.5 18389 3108.75 15252.6 4059.8 727.03 4599.71 5362.94 4445.57 4339.16 2150.09 4045.15 4465.91 3021.66 2432.44 13029.2 3932.94 12002.8 11423.8 35040.3
internal_count=1924082 665268 1258814 971294 513369 151899 331514 639780 287520 234860 148120 135560 278509 126575 97883 204939 471163 168617 103139 401929 99300 175370 73667 174366 144342 98684 90830 88739 43872 12309 86686 79504 39318 114622 68791 61893 109445 69234 136052 59201 36517 45831 130401 84273 39483 280306 29465 9452 64921 46413 35096 37782 32274 42332 64444 23196 16186 195445 45658 176558 50039 84616
is_linear=0
shrinkage=0.02


Tree=2
num_leaves=63
num_cat=0
split_feature=11 0 0 16 19 8 8 10 16 9 19 17 22 3 0 17 10 2 3 2 16 17 2 17 13 10 10 10 16 11 20 190 17 12 14 45 174 17 10 6 12 16 16 19 132 17 11 16 155 9 2 16 13 17 9 17 17 18 13 18 13 17
split_gain=896695 351624 279179 208338 112774 103123 96720.5 69086.9 68470.9 45393.2 42395.5 39654.4 37364.6 36520.1 36186.1 34420.7 32166.4 28390.1 28215.6 28133.6 26745.1 25845.2 23330.5 23224.7 21630.2 21180.4 20285 20149.1 19438.3 19193.3 18100.3 17395.6 17025.2 16833 16565 16481.1 16589.7 16456 15813.7 15634 15243.7 14373.1 16829.6 13466 13422 13296.9 13015.2 12893.4 12712.3 12620.7 12420.7 12373 11887.1 12521.9 11779 11570.3 11914 11349.1 11324.8 11081.7 10918.6 10808.8
threshold=27.900000572204593 1.0000000180025095e-35 1.0000000180025095e-35 53.928178787231452 1.5000000000000002 25.94999980926514 17.150000572204593 204.50000000000003 53.928178787231452 7.6499998569488534 3.5000000000000004 9.2086114883422869 1.0000000180025095e-35 58700.835937500007 22.500000000000004 9.2086114883422869 198.50000000000003 11817.924804687502 59827.875000000007 15869.000000000002 54.819992065429695 9.6553378105163592 48151.125000000007 9.9310779571533221 3.2500000000000004 327.50000000000006 43.500000000000007 296.50000000000006 54.042627334594734 23.599999427795414 8.5000000000000018 1.0000000180025095e-35 9.491122245788576 323.50000000000006 48.500000000000007 1.0000000180025095e-35 1.0000000180025095e-35 11.177026748657228 110.50000000000001 5.8750000000000009 323.50000000000006 53.938934326171882 54.123783111572273 2.5000000000000004 1.0000000180025095e-35 9.2086114883422869 22.500000000000004 53.839042663574226 1.0000000180025095e-35 13.650000095367433 29506.750000000004 54.131254196166999 4.8500001430511483 10.212865352630617 12.449999809265138 9.510317802429201 9.491122245788576 16.500000000000004 0.55000001192092907 11.500000000000002 23.44999980926514 9.2129859924316424
decision_type=2 2 2 2 2 2 2 2 2 2 2 2 2 2 2 2 2 2 2 2 2 2 2 2 2 2 2 2 2 2 2 2 2 2 2 2 2 2 2 2 2 2 2 2 2 2 2 2 2 2 2 2 2 2 2 2 2 2 2 2 2 2
left_child=1 4 3 21 8 13 -6 17 55 59 57 27 15 16 30 20 -5 34 24 49 25 32 -15 41 39 26 -7 58 -25 -19 46 37 -2 52 -8 36 -28 -30 -20 -11 50 -17 48 -21 -22 -40 -12 -34 -43 -13 -18 -44 -23 -54 -31 56 -1 -3 -9 -10 -53 -26
right_child=2 10 -4 5 6 12 7 11 9 18 14 19 -14 22 -16 23 40 29 38 43 44 33 -24 28 61 -27 35 -29 31 54 -32 -33 47 -35 -36 -37 -38 -39 45 -41 -42 42 51 -45 -46 -47 -48 -49 -50 -51 -52 60 53 -55 -56 -57 -58 -59 -60 -61 -62 -63
leaf_value=0.038852494874924079 0.06723902914615229 0.19205764513161605 0.20051665497516116 0.030147736355843724 0.013055405684480442 0.015227535710236119 0.22206671947286283 0.018942680710518769 0.087960035927796942 0.042500544610339627 0.077824076768839345 0.21122236114153192 0.012283774724322722 0.14592892804285729 0.24365976619644475 0.21720185872619691 0.15432645827909156 0.016329176489985373 0.19057083935293245 0.099091702039374521 0.060662732841648789 0.0069558689627188799 0.0032055122678007553 0.10709363975628858 0.11250169957621234 0.012825760456777399 0.19093740270522244 0.038184786567361864 0.18211298302778178 0.11082016243310915 -0.0045288519004575449 -0.02159947471389264 0.19768652526723962 -0.0034942597265847125 0.016582416748011045 -0.021444387442372381 -0.021418093666938077 0.060702651311987918 0.16328536928779516 0.1885799103788586 0.072593944102941052 0.073832631671600923 0.21955336029616782 0.044388227703923637 0.18180591222891015 0.09940536600678028 0.15218734443136156 0.083762661749859718 0.18403055105001767 0.0021675258186374352 0.086346733739768644 0.13002282852070415 0.042359872046851869 0.10414953864213927 0.044014603592108729 0.0083869261400486804 0.1827323425242913 0.14946168229139717 0.15483787029819199 0.03866774281541998 0.18907830216946514 0.066101878650524942
leaf_weight=756.29843541234732 1866.2201580218971 9509.5914229899645 45346.317591439933 2903.5962787792087 20902.171774338931 272.18906335160136 514.53219929337502 256.82462168484926 4125.060723785311 358.27265036851168 2254.5054947212338 750.05011461675167 643.45495952293277 10070.797608036548 735.15768191590905 820.57089137285948 3074.3327289484441 9844.7472950592637 2860.8531404733658 2564.7550108917058 1071.6927500106394 1308.7204931974411 479.96891538798809 1839.704480972141 3808.0071646869183 281.83520909026265 27994.345028601587 745.42762236297131 14341.14428716898 1525.9675367847085 658.76370061188936 176.1460286192596 1056.1659265421331 2158.7444315776229 225.78839246928692 148.48205217346549 147.93138079717755 460.90498890355229 2666.3416346684098 1609.9832112044096 2946.2533342950046 2751.3799907416105 763.6284435801208 6036.5172140821815 555.43136509135365 2549.8795214779675 1616.4439290799201 637.05834981054068 493.90043596923351 136.53779336810112 1653.2373048625886 11174.386387277395 2536.1614577844739 2717.6691598333418 3425.7280510105193 3679.4248091354966 330.93943956494331 3395.2901282869279 5462.1009834855795 3270.9742136895657 1410.3464477136731 4248.8536787703633
leaf_count=11818 24344 40552 89571 42261 351019 3625 2736 3643 49197 4809 27533 2724 8337 65108 1342 1690 18334 157782 11228 26643 12686 22728 7411 14858 35622 4054 78997 10794 51863 15133 10669 2602 2634 38009 3208 2382 2414 5069 14811 6622 35526 27433 1445 84763 2080 23798 10605 8202 1947 2083 18297 75231 37641 30307 47111 65204 1593 22566 35519 48899 4892 52782
internal_value=0.127425 0.0816762 0.159435 0.140571 0.0641648 0.151519 0.0464091 0.0685491 0.0949014 0.107908 0.161337 0.0977851 0.163937 0.113109 0.113507 0.165445 0.0868472 0.0385313 0.124965 0.0717569 0.180907 0.0634872 0.139436 0.151683 0.102553 0.185357 0.187059 0.135987 0.168446 0.0324839 0.0923841 0.175981 0.108903 0.0449515 0.159397 0.188712 0.189821 0.178333 0.152783 0.16199 0.108301 0.135493 0.131453 0.0606999 0.102016 0.132058 0.108877 0.154824 0.0906037 0.179027 0.130554 0.141384 0.0608877 0.0743221 0.0646021 0.0253252 0.0826474 0.180851 0.148735 0.06616 0.136641 0.0880324
internal_weight=244929 100826 144103 98756.4 82656 86475.7 52391.1 31489 30264.9 25498.2 18169.8 15952.2 65347.5 21128.2 5264.87 64704 10577.4 15536.8 18102.2 9487.86 30471.9 12280.7 10550.8 34232.1 10025.1 28844.8 28562.9 6464.35 16817.9 14796.4 4529.71 14978.2 3559.44 8721.3 740.321 28290.8 28142.3 14802 8077.07 1968.26 7673.82 17414.2 16593.6 8601.27 1627.12 5216.22 3870.95 1693.22 3245.28 886.588 4727.57 13348.4 6562.55 5253.83 4951.7 4766.66 1087.24 12904.9 5718.93 7396.03 12584.7 8056.86
internal_count=1924786 1182808 741978 652407 1069541 488542 743158 392139 326383 247768 113267 166169 301605 186937 50149 293268 114418 225970 149672 116213 106238 163865 72519 187030 99835 91472 87418 49956 74392 220026 48807 59534 35180 128685 5944 83793 81411 56932 49837 11431 72157 112638 110948 111406 14766 38609 38138 10836 29380 4807 36631 81568 90676 67948 62244 78615 13411 63118 39162 98096 80123 88404
is_linear=0
shrinkage=0.02


Tree=3
num_leaves=63
num_cat=0
split_feature=1 4 4 16 5 0 16 3 19 11 3 13 0 13 9 4 4 19 10 17 9 13 16 5 20 10 19 1 19 10 19 13 14 5 19 20 19 19 5 10 11 3 11 20 14 9 19 20 22 20 1 19 171 20 20 4 8 20 8 5 20 20
split_gain=919758 411420 253568 74781.3 71849.4 66727.7 56646.8 50411.6 49776.5 41090.1 33093.9 33580.3 30758.6 24857.1 24605.5 24298.8 23074.2 21966.4 19853.4 18527.8 16503.5 16430 15357.9 15284.6 15069 14269.8 13293.8 13287.2 12941.4 12941.1 12624.1 12304.8 13218.7 13423 13668.8 12470.7 11709.6 11634.4 11424.5 10858 10851.4 10610.5 10109.8 9544.52 10677.6 9520.86 9447.2 10030.5 9419.6 10224.4 10133.8 9326.85 9150.92 9134.72 9116.61 9076.22 8890.94 13247 11593.9 9837.42 8785.46 8657.52
threshold=1.0000000180025095e-35 13825.500000000002 12599.250000000002 53.928178787231452 1328.6250000000002 2.5000000000000004 53.928178787231452 56682.765625000007 4.5000000000000009 19.250000000000004 43862.625000000007 8.9499998092651385 22.500000000000004 6.4500000476837167 21.849999427795414 17197.875000000004 6117.7500000000009 2.5000000000000004 97.500000000000014 9.2879447937011737 13.84999990463257 5.6499998569488534 54.819992065429695 1350.6250000000002 7.5000000000000009 233.50000000000003 2.5000000000000004 11.500000000000002 4.5000000000000009 213.50000000000003 1.5000000000000002 -0.74999999999999989 1.0000000180025095e-35 5390.6250000000009 2.5000000000000004 11.500000000000002 1.5000000000000002 3.5000000000000004 3799.2500000000005 125.50000000000001 50.600000381469734 65284.900390625007 31.85000038146973 4.5000000000000009 26.500000000000004 22.250000000000004 1.5000000000000002 11.500000000000002 1.0000000180025095e-35 2.5000000000000004 9.5000000000000018 3.5000000000000004 1.0000000180025095e-35 10.500000000000002 10.500000000000002 18915.125000000004 30.849999427795414 3.5000000000000004 49.45000076293946 3879.8750000000005 8.5000000000000018 2.5000000000000004
decision_type=2 2 2 2 2 2 2 2 2 2 2 2 2 2 2 2 2 2 2 2 2 2 2 2 2 2 2 2 2 2 2 2 2 2 2 2 2 2 2 2 2 2 2 2 2 2 2 2 2 2 2 2 2 2 2 2 2 2 2 2 2 2
left_child=1 4 5 21 30 7 45 16 9 36 -5 18 17 37 19 28 26 54 46 22 53 -3 61 -15 48 41 -2 -17 -4 -30 -1 -27 -33 34 -34 -36 43 -9 -21 -40 -32 -20 51 44 -8 52 -12 -48 49 -18 -51 -19 -6 -13 -7 -23 57 -57 -58 -59 -61 -11
right_child=2 3 15 10 6 12 8 13 -10 14 11 20 -14 23 -16 27 24 42 25 38 -22 55 -24 -25 -26 31 -28 -29 29 -31 40 32 33 -35 35 -37 -38 -39 39 -41 -42 -43 -44 -45 -46 -47 47 -49 -50 50 -52 -53 -54 -55 -56 56 58 59 -60 60 -62 -63
leaf_value=0.023752239675458683 0.067667168281336718 0.018932471937307922 0.14817078278417739 0.05330448572700567 -0.0046966376112306816 0.1572505162327347 0.0030175344829916633 0.085113874044227322 0.010497533042120945 0.038260684155659135 0.16195085378420185 0.075216953265534126 0.19602604793798573 0.088324885930570307 0.1769482955074988 0.15485738282033354 0.019672633196686856 0.11575190132980226 0.051706030367689809 0.044633851933446177 0.14246022593701352 0.043405797267881331 0.01645533194294356 0.1419285758477549 0.035536098568886933 -0.015994378451055755 0.010368263011399989 0.17092659030515325 0.041936274097353204 0.12884421050392483 -0.011017411465666892 0.19539424244064862 0.074171121478499302 0.047071376250679878 0.14041089963743569 0.031837796983161297 0.010585964234099687 -0.0061553269405184644 0.14344201371415316 0.065838078814890275 0.13148120989121728 0.1054557911270959 0.13949817710350929 0.027060838417916934 0.11846145502156645 0.13670214120255075 0.052254647934236988 0.19085381891171363 -0.021444755480517701 0.085434072477558742 0.1396704778571021 0.05831430860539133 0.15736575206204756 0.19884634152262681 0.057318433403971393 0.028779845587476132 0.047275815883070997 0.049614119316682075 0.16155239999574383 0.18624066923494031 0.050375952807215935 0.12639276166834676
leaf_weight=7309.9083362556994 2715.6780183464289 2990.283664163202 16797.455701626837 3039.9220178984106 7689.0229049175978 5836.7852241098881 411.92797404900193 3085.9609237499535 6011.1174441240728 483.81015608459711 2876.608765207231 2242.3717609532177 2953.7237060144544 2871.1781014800072 1287.7197690978646 32403.208512205631 530.96265690028667 1967.1834823563695 4287.500456161797 4626.2446851618588 22551.474249769002 2544.9657912924886 638.76932731643319 8217.7901929207146 2002.7922875732183 311.37909965589643 4012.9471671395004 56423.091327279806 927.47589663788676 2625.2437672540545 13548.044814236462 701.67352720722556 2316.3831674791873 1351.1792504265904 5286.3220486082137 459.9837095476687 3678.4781691357493 682.1637494340539 1136.6918677017093 1972.8836352564394 217.18674867227674 2234.7896297872066 1722.0971760265529 1683.262762799859 1443.4879012554884 203.81588236987591 739.79036485031247 291.02663208544254 251.39460628479719 2860.5498625785112 2658.8293464668095 2659.8974639438093 141.93981754034758 267.59089457243681 389.53003988415003 520.0542605035007 2294.9729979149997 362.63268740102649 420.12876791879535 1264.2537141032517 224.12491965293884 5681.9023221805692
leaf_count=113963 32913 48203 60455 32651 141321 25086 6699 31128 97456 5684 7851 21967 4574 30157 3483 87707 7593 13699 46625 57875 91963 33798 8174 41978 26649 4211 65138 90357 10447 13005 246379 1855 18883 13707 24440 4911 58607 11079 5931 20897 1383 15793 8237 23747 11925 2029 7689 799 4045 29671 19846 32544 849 737 4004 7149 28625 4616 2609 6933 2808 38745
internal_value=0.111951 0.0698363 0.144028 0.106776 0.0319996 0.104316 0.0487551 0.0868423 0.0617523 0.0751217 0.117212 0.121443 0.137947 0.112969 0.0931551 0.160548 0.0610214 0.124306 0.102695 0.0857342 0.137046 0.0586696 0.109806 0.128049 0.0833249 0.0933257 0.0334941 0.165065 0.140836 0.106156 0.00251093 0.10784 0.111652 0.10541 0.115186 0.13172 0.0355724 0.0685909 0.0645604 0.0942059 -0.00876908 0.0701228 0.09813 0.0615459 0.0928313 0.00175313 0.143335 0.0913848 0.098513 0.103497 0.111561 0.0827337 -0.00175918 0.0883973 0.150999 0.0742407 0.0896695 0.117966 0.0649587 0.143023 0.165782 0.119477
internal_weight=272342 117746 154596 59579.4 58166.2 45419.5 37091.1 29890.2 29056.3 23045.2 48958 45918.1 15529.2 14857.1 15828 109176 15033.2 12575.5 20856.6 14540.3 25061.4 10621.4 6804.48 11089 8304.53 16949.2 6728.63 88826.3 20350.2 3552.72 21075.1 10426.9 10115.5 9413.87 8062.69 5746.31 7217.16 3768.12 7735.82 3109.58 13765.2 6522.29 6349.18 3538.68 1855.42 8034.78 3907.43 1030.82 6301.74 6050.34 5519.38 4627.08 7830.96 2509.96 6226.32 7631.13 5086.17 2371.07 2715.1 1851.01 1488.38 6165.71
internal_count=1924282 1273970 650312 428823 845147 388341 483422 300197 339223 241767 294082 261431 88144 114342 140789 261971 185855 83570 146764 137306 114667 134741 52603 72135 87804 130425 98051 178064 83907 23452 361725 68007 63796 61941 48234 29351 100978 42207 84703 26828 247762 62418 54480 42371 18624 144199 16339 8488 61155 57110 49517 46243 142170 22704 29090 86538 52740 21506 31234 14357 9741 44429
is_linear=0
shrinkage=0.02


Tree=4
num_leaves=63
num_cat=0
split_feature=4 1 1 5 16 0 5 16 3 3 20 13 19 20 0 9 19 19 3 8 18 8 1 13 8 7 20 20 4 4 19 4 134 5 5 18 5 20 5 9 3 5 4 19 9 1 16 9 53 113 20 18 6 20 5 7 5 7 17 5 6 3
split_gain=681864 299231 211621 61985.2 58933.2 47612.1 42590.8 38648.3 31754 30863.2 26551.2 24313.4 21404.8 20789.9 19265.5 17989.6 18246.2 17800.7 17717.9 16612 15946.8 15264.6 15189.2 14022.3 13548.1 13086 12224.1 12919.2 11945.4 11790.5 11632.1 11146.8 11088.8 10892.3 10437.5 10073.6 9691.51 9518.45 9993.43 9191.44 9037.99 16326.3 8161.99 7817.47 7527.65 7412.72 7294.23 7288.22 7284.14 7248.83 7113.03 6943.3 6796.65 8582.46 6694.67 6659.02 8472.87 6633.48 6592.66 6563.73 6978.64 6470.64
threshold=13231.875000000002 1.0000000180025095e-35 1.0000000180025095e-35 1956.0000000000002 53.928178787231452 2.5000000000000004 1796.8750000000002 53.928178787231452 55393.564453125007 43862.625000000007 2.5000000000000004 8.9499998092651385 2.5000000000000004 10.500000000000002 22.500000000000004 17.94999980926514 1.5000000000000002 2.5000000000000004 56682.765625000007 31.050000190734867 15.500000000000002 24.050000190734867 14.500000000000002 5.6499998569488534 20.250000000000004 62.010000228881843 2.5000000000000004 10.500000000000002 10836.810058593752 5249.0000000000009 3.5000000000000004 24959.375000000004 1.0000000180025095e-35 5493.8750000000009 3631.5000000000005 7.5000000000000009 3853.7500000000005 8.5000000000000018 5591.8750000000009 23.349999427795414 48365.125000000007 2113.6250000000005 18915.125000000004 1.5000000000000002 18.650000572204593 13.500000000000002 53.829820632934577 9.9499998092651385 1.0000000180025095e-35 1.0000000180025095e-35 11.500000000000002 8.5000000000000018 12.375000000000002 6.5000000000000009 5390.6250000000009 95.614997863769545 3768.3750000000005 108.51499938964845 9.2489171028137225 3179.0000000000005 7.8750000000000009 60971.375000000007
decision_type=2 2 2 2 2 2 2 2 2 2 2 2 2 2 2 2 2 2 2 2 2 2 2 2 2 2 2 2 2 2 2 2 2 2 2 2 2 2 2 2 2 2 2 2 2 2 2 2 2 2 2 2 2 2 2 2 2 2 2 2 2 2
left_child=1 3 4 15 23 6 12 39 30 -6 -10 25 20 24 17 16 32 -7 29 -14 45 34 40 -2 43 36 -20 -28 -17 -8 35 -27 48 -23 -13 58 -11 55 -39 -5 41 -4 51 61 54 -3 -42 -38 49 -1 -44 52 -25 -54 -32 56 -31 -56 -9 -19 -61 -12
right_child=2 5 22 7 9 14 18 8 10 11 13 21 19 -15 -16 28 -18 59 26 -21 -22 33 -24 42 -26 31 27 -29 -30 37 44 -33 -34 -35 -36 -37 47 38 -40 -41 46 -43 50 -45 -46 -47 -48 -49 -50 -51 -52 -53 53 -55 57 -57 -58 -59 -60 60 -62 -63
leaf_value=0.020877712073720772 0.017627575268720969 0.075180786597577667 0.023265448981667144 0.00062488625854454358 0.044174244461133334 0.1328070245761992 0.025061960634434423 0.10977131513546963 0.011806122603421773 0.10036309752186083 0.067781533189948465 0.011861577016834204 0.021776308122922385 -0.016475041613356462 0.16350141691107184 0.01836895130554177 -0.0083168289978542594 0.07470251582460409 0.063336727286094144 0.13564430898460181 0.023069234683988228 0.12831715765010246 0.14551812672832146 -0.0036556849758776918 0.12433504201600883 0.087045370391644672 0.13087136680536537 -0.0025817807698614963 0.10490590464813739 0.05136494502613892 -0.0020318767866876098 0.11912858648220911 0.2378032602366372 0.080547044877085985 0.097620668000571634 0.01920200483206851 0.11325100686450502 0.011999606029622235 0.1705497805941501 0.22479044565146664 0.081571839628361481 0.12133951355705035 0.086657247581155727 0.04547761417145707 0.096193186476568743 0.1195347424915551 0.1363404731563137 0.030921359726500931 0.2191187896582468 0.22969736292899179 -0.021495942238218661 0.016118334472365051 0.14573084714184792 0.0081013077762616317 0.017973390539897067 0.12591160047250666 0.11424536423513487 0.16039944638230214 0.050247185961044549 0.029507704107012447 0.1273655926440978 0.12574048597880474
leaf_weight=9236.4714091196656 3126.0095396600664 3719.3145400695503 731.26036068052053 5579.5570888109505 3316.5837739743292 7502.5865766480565 1348.2112982384861 1487.2283392585814 1790.684292986989 1866.8598855622113 1499.5476300045848 723.64461379498243 6529.5219314545393 630.39185351133347 3488.1556626409292 1347.0559422448277 17367.29144833982 4665.2032794468105 1411.288313806057 556.13134744018316 1638.9617310799658 23719.996162965894 65671.376686766744 301.94557546824217 5222.6428833752871 10823.629712801427 8933.1556188836694 299.9003993049264 1212.2620902508497 1740.0092813372612 4101.3422353602946 7221.9344807006419 98.021520536392927 2076.3935495726764 2633.7287619039416 1721.3658223859966 507.28642829507589 981.98626189306378 189.74157414957881 74.137538831681013 994.48818640783429 9491.6216961704195 5246.3485737703741 1840.5833030603826 409.92755570262671 2534.1349182613194 44382.419865906239 2826.6993074938655 75.891144532710314 66.976629305630922 255.06646453216672 1819.8502958118916 631.38515812903643 254.20736338943243 345.27037223801017 2374.597635563463 1689.3601402938366 210.58311562240124 1489.8819758445024 335.42762032151222 2225.8861764743924 1584.7617893069983
leaf_count=139378 49862 35318 6765 100802 35571 29868 19501 10632 24510 11151 14713 8741 94766 9333 4733 19012 314012 42270 12993 2693 22400 82474 101146 4656 27807 75724 37199 4035 7987 19368 68093 33047 403 13877 18265 23288 2777 13661 769 362 7193 33534 48638 21692 3599 18939 101002 29847 406 287 3968 26195 5000 3705 5055 15873 12244 1607 17542 3943 10380 8941
internal_value=0.100169 0.0604841 0.123218 0.0289722 0.094792 0.0951544 0.0811569 0.0502765 0.0621012 0.103341 0.083122 0.107086 0.0559467 0.0949707 0.121238 0.00869394 0.00386367 0.111229 0.101064 0.0307135 0.0786005 0.119251 0.139005 0.0538518 0.101894 0.0918295 0.118157 0.126537 0.0593586 0.0792055 0.0350468 0.0998853 0.0261845 0.124472 0.0791362 0.0577147 0.0638781 0.08967 0.0376741 0.00356439 0.131313 0.114324 0.0671601 0.0780963 0.0140281 0.0931547 0.13514 0.0434483 0.0239729 0.022381 0.0816429 0.0406668 0.0782862 0.106225 0.00679586 0.100167 0.0823408 0.071931 0.0799827 0.0888258 0.11455 0.0975617
internal_weight=298178 109555 188623 57391.9 67351.6 52163.6 33946.3 27987.9 22334.2 55716.8 12568.6 52400.2 14978.1 10777.9 18217.3 29404 26844.7 14729.1 18968.3 7085.65 7892.41 29153.8 121271 11634.8 10147.5 23246.4 10644.3 9233.06 2559.32 8323.91 9765.6 18045.6 9477.36 25796.4 3357.37 4698.48 5200.85 6975.69 1171.73 5653.69 55599.8 10222.9 8508.8 4924.89 5067.12 6253.45 45376.9 3333.99 9379.34 9303.45 5501.42 3007.39 1187.54 885.593 4657.2 5803.97 3429.37 555.853 2977.11 7226.52 2561.31 3084.31
internal_count=1923552 1220414 703138 819461 453498 400953 309759 337976 236812 311474 106996 275903 174116 82486 91194 481485 454486 86461 135643 97459 76657 123357 249640 142024 73153 152546 54227 41234 26999 81416 129816 108771 140474 96351 27006 51462 43775 61915 14430 101164 148494 40299 92162 45346 78354 54257 108195 32624 140071 139665 52606 39556 13361 8705 74755 47485 31612 6662 28174 56593 14323 23654
is_linear=0
shrinkage=0.02


Tree=5
num_leaves=63
num_cat=0
split_feature=4 1 1 5 16 16 0 3 4 19 11 5 20 11 19 20 0 19 5 8 4 3 18 10 13 10 19 10 5 10 2 19 19 17 10 10 17 10 10 14 13 14 16 4 183 13 10 11 17 5 10 16 1 16 17 19 5 8 45 174 16 8
split_gain=531553 235846 159531 54074.8 47947 37894.8 35501.5 31393.4 30085.7 31729.9 25532 24613.4 23657.9 19599.8 17964.9 17504.3 16386.2 16158.8 15689.4 13712.9 13601.9 13559.1 13091.6 12882.2 12095 12007.6 13546.6 11200.7 10960.8 10540.1 9849.66 9269.79 9257.56 8681.58 8679.99 8497.21 8068.13 7685.51 7659.73 11692.3 9906.34 10545.5 7623.27 7469.37 7464.68 7351.31 7248.62 7346.31 7238.18 7051.04 8493.22 6844.93 6839.05 6807.49 6733.35 7352.04 6730.57 6647.68 6631.6 6715.42 7000.5 6596.11
threshold=12995.125000000002 1.0000000180025095e-35 1.0000000180025095e-35 1667.2500000000002 53.928178787231452 53.928178787231452 1.0000000180025095e-35 55393.564453125007 6994.1250000000009 2.5000000000000004 28.599999427795414 3544.0000000000005 2.5000000000000004 45.550001144409187 5.5000000000000009 10.500000000000002 22.500000000000004 1.5000000000000002 5190.5000000000009 22.050000190734867 17197.875000000004 55003.250000000007 16.500000000000004 80.500000000000014 5.6499998569488534 221.50000000000003 5.5000000000000009 261.50000000000006 2423.5000000000005 332.50000000000006 21841.625000000004 4.5000000000000009 4.5000000000000009 9.1928801536560076 338.50000000000006 199.50000000000003 9.5122933387756365 94.500000000000014 150.50000000000003 3.5000000000000004 8.5500001907348651 97.500000000000014 54.07289123535157 17512.000000000004 1.0000000180025095e-35 8.0500001907348651 288.50000000000006 35.449998855590827 9.2086114883422869 4299.0000000000009 82.500000000000014 54.819992065429695 22.500000000000004 53.816650390625007 9.2879447937011737 5.5000000000000009 4736.2500000000009 19.150000572204593 1.0000000180025095e-35 1.0000000180025095e-35 54.819992065429695 27.349999427795414
decision_type=2 2 2 2 2 2 2 2 2 2 2 2 2 2 2 2 2 2 2 2 2 2 2 2 2 2 2 2 2 2 2 2 2 2 2 2 2 2 2 2 2 2 2 2 2 2 2 2 2 2 2 2 2 2 2 2 2 2 2 2 2 2
left_child=1 3 4 13 24 -5 8 27 9 22 11 -6 -9 17 18 19 21 53 33 48 32 45 36 56 46 26 28 49 30 -27 -10 -20 -4 44 52 -35 -3 -30 -25 -40 41 -41 -38 -26 58 -8 -2 -48 51 -7 -51 -14 -22 -1 55 57 -13 -29 59 60 -12 -45
right_child=2 6 20 5 10 7 16 12 25 -11 14 23 15 -15 -16 -17 -18 -19 31 -21 34 -23 -24 38 43 29 -28 54 37 -31 -32 -33 -34 35 -36 -37 42 -39 39 40 -42 -43 -44 61 -46 -47 47 -49 -50 50 -52 -53 -54 -55 -56 -57 -58 -59 -60 -61 -62 -63
leaf_value=-0.015937701013890047 0.0071218127529375647 0.09978059297260311 0.11407991921179042 0.0011490015813339406 0.012714274044875103 -0.00015599305891115801 0.042903318528935669 0.0090321362995730067 0.1108557676828682 0.018345324839180565 0.13037199437072311 0.020589755559264643 0.10485618063185845 0.10014330797976112 0.056963941279564202 -0.016581589788490704 0.14171517617150328 -0.009431747337370476 0.084246974035931219 0.11459406716495832 0.12138632057508159 0.11140157354266111 0.023713903766201243 0.035919114880592067 0.032484091725935221 0.1108873739765448 -0.0076610643107143063 0.02689471634160067 0.13470674392221527 0.016285784079378664 0.021428027738205856 0.0098226598573591655 0.079978360020985323 0.11705051752204908 -0.020020224672419627 0.091215485441990971 -0.012611376522225461 0.077768130921146636 0.1241618144454508 0.081902932532405756 0.090233543601665828 0.011871256424411746 0.074448037224776428 0.10129537213649535 -0.022147558554437889 0.087786884434757101 -0.01803587825955253 0.18850473258397293 0.053901274332568389 0.10944241990782465 0.011908105540369036 0.0011691869760423828 0.13146504341357335 0.031650171487302793 0.029887058853238592 -9.7152340350897646e-05 0.1308402104468584 0.11197468352650918 -0.021844319104486327 -0.02180708394914933 0.080752839629906883 0.058835143669176873
leaf_weight=1429.3687831759453 2932.0696536079049 5459.7029043547809 19827.035735171288 6391.1739647164941 2415.4697065278888 4620.5922594964504 1920.281618218869 1906.9694067128003 693.23536400869489 6513.2958797551692 12489.554893318564 243.28874702379107 2709.3487149551511 853.57274695858359 3446.6449376866221 649.84542897716165 3914.2114730477333 15919.935512695462 5382.9403222426772 5181.0274204984307 65570.059742279351 10749.305448882282 1605.8707880787551 1909.3612563312054 2539.5753360502422 8804.760548915714 774.9466775432229 481.32467714697123 1634.5216074027121 497.72294839471579 1702.6050014793873 764.49443680420518 3793.5002208687365 8473.6235189959407 164.14164938032627 12761.649525564164 513.45602102577686 2258.4347267895937 1899.5723190754652 1584.0500401072204 3940.8809771537781 1881.8418253771961 1858.7125376649201 2182.7282769419253 142.73463837429881 6085.0780085474253 110.04122044891119 184.17347384989262 3966.270075712353 582.93363292887807 921.9164049886167 281.09352667629719 45700.184943221509 7572.882459808141 2598.807571772486 419.9161931835115 2471.7705235444009 1551.2829217761755 124.92415038123727 124.312704551965 1251.2865295372903 4441.1692857071757
leaf_count=26545 47570 36480 55901 114687 30876 73860 18594 26535 3405 94348 24547 2552 16488 4911 26116 9888 4629 290051 30458 23836 128402 44548 21282 20319 33652 45818 11584 6812 6239 5817 21266 8226 20811 26185 1879 63913 7111 15438 8568 11625 26098 20448 16237 16329 1649 42902 1924 1305 39886 3947 13302 3604 47724 104936 35175 6535 5615 9253 1632 1652 8281 44487
internal_value=0.0905593 0.0556247 0.109474 0.0275039 0.0858057 0.0447594 0.0853064 0.0555327 0.071847 0.0523003 0.0930577 0.0716521 0.0747468 0.0059059 0.10084 0.0845466 0.104494 0.00267831 0.104482 0.089961 0.122389 0.0967261 0.0757338 0.0818714 0.0499209 0.0908978 0.0712386 0.0302712 0.0809611 0.105826 0.0473039 0.0749916 0.108603 0.109608 0.125311 0.101525 0.0864001 0.101675 0.0724087 0.0798952 0.0685424 0.0438785 0.055604 0.0616462 0.121754 0.0770205 0.016618 0.111255 0.0716154 0.0120898 0.04969 0.0951099 0.125526 0.0240942 0.0523188 0.0760884 0.120961 0.0918276 0.123223 0.12453 0.125854 0.0728268
internal_weight=321777 113024 208753 58038.3 73698.2 32262.5 54986.1 25871.3 32317.3 15951 61308.4 16346.2 14694.6 25775.8 44962.2 12787.6 22668.9 24922.2 41515.5 12137.7 135055 18754.7 9437.74 13930.8 12389.8 16366.2 7063.74 11176.8 6288.8 9302.48 2395.84 6147.43 23620.5 35368.1 111434 21235.3 7831.87 3892.96 11215.7 9306.35 7406.77 3465.89 2372.17 9163.47 14132.8 8005.36 3226.28 294.215 6956.71 6125.44 1504.85 2990.44 111270 9002.25 5051.33 2452.52 2715.06 2032.61 13990.1 13865.2 13740.8 6623.9
internal_count=1924693 1205949 718744 810251 464027 383808 395698 269121 285025 175458 318760 126101 120237 426443 192659 93702 110673 421532 166543 83814 254717 106044 81110 95225 145267 109567 57932 148884 46348 51635 24671 38684 76712 127859 178005 90098 59828 21677 87058 66739 58171 32073 23348 94468 37761 61496 50799 3229 59978 91109 17249 20092 176126 131481 57775 22600 8167 16065 36112 34480 32828 60816
is_linear=0
shrinkage=0.02


Tree=6
num_leaves=63
num_cat=0
split_feature=4 16 3 16 11 5 5 171 20 20 18 67 19 16 4 100 4 11 11 19 18 5 20 17 150 20 4 17 16 17 152 22 4 20 7 5 7 190 19 14 183 16 145 17 20 18 64 14 17 20 17 5 174 132 72 18 11 12 4 45 16 16
split_gain=423800 107737 66890.1 64029.3 36065.3 31428 26660.1 26633.5 21951.5 21974 19560.3 17418.8 17197.7 16722.5 15524.9 14448.5 13441.1 12828.7 12099.5 11817.1 11638.5 11092 10602.5 10288.6 9375.93 9366.69 10963.8 9069.11 10150.6 9309.78 8751.51 8606.04 8518.71 9261.15 8580.51 11086.7 8503.39 8415.25 8388.71 8243.48 7930.46 7668.27 7635.31 7623.54 7575.67 7316.49 7310.32 7237.33 7148.77 7937.72 6995.65 6926.78 6822.27 6810.7 6780.94 6586.51 6586.2 6388.29 6886.19 6245.71 6213.18 9476.32
threshold=12995.125000000002 53.928178787231452 55219.750000000007 53.829820632934577 32.600000381469734 1328.6250000000002 3214.6250000000005 1.0000000180025095e-35 10.500000000000002 2.5000000000000004 17.500000000000004 1.0000000180025095e-35 3.5000000000000004 53.935955047607429 16440.000000000004 1.0000000180025095e-35 6994.1250000000009 44.799999237060554 13.500000000000002 3.5000000000000004 14.500000000000002 5665.8750000000009 7.5000000000000009 9.2879447937011737 1.0000000180025095e-35 11.500000000000002 19453.750000000004 9.9310779571533221 54.042627334594734 9.8696475028991717 1.0000000180025095e-35 1.0000000180025095e-35 5249.0000000000009 3.5000000000000004 96.044998168945327 1621.2500000000002 136.50000000000003 1.0000000180025095e-35 3.5000000000000004 99.500000000000014 1.0000000180025095e-35 54.819992065429695 1.0000000180025095e-35 10.328865528106691 8.5000000000000018 14.500000000000002 1.0000000180025095e-35 1.0000000180025095e-35 9.4168558120727557 8.5000000000000018 9.2086114883422869 2987.8750000000005 1.0000000180025095e-35 1.0000000180025095e-35 1.0000000180025095e-35 5.5000000000000009 19.250000000000004 1.0000000180025095e-35 14690.750000000002 1.0000000180025095e-35 53.938934326171882 54.123783111572273
decision_type=2 2 2 2 2 2 2 2 2 2 2 2 2 2 2 2 2 2 2 2 2 2 2 2 2 2 2 2 2 2 2 2 2 2 2 2 2 2 2 2 2 2 2 2 2 2 2 2 2 2 2 2 2 2 2 2 2 2 2 2 2 2
left_child=1 7 6 25 10 20 11 24 9 36 12 13 50 -3 -14 17 48 19 -8 31 38 -16 32 30 -1 26 -2 29 -29 46 40 45 -21 -34 43 -36 -7 42 -4 44 41 52 -30 -35 -20 -15 54 -28 49 -11 -5 -38 59 -43 60 -41 -57 58 -12 -6 -25 -62
right_child=3 2 5 4 23 8 18 -9 -10 16 57 -13 14 15 21 -17 -18 -19 39 22 -22 -23 -24 27 -26 -27 47 28 37 -31 -32 -33 33 34 35 -37 51 -39 -40 55 -42 53 -44 -45 -46 -47 -48 -49 -50 -51 -52 -53 -54 -55 -56 56 -58 -59 -60 -61 61 -63
leaf_value=-0.0054881828528013576 0.030611795756061742 0.1300168594618264 0.066854083063313682 0.11310517532800043 0.11405136638752003 0.026679915230369167 0.016405672188360518 0.093000137106913988 0.0056734546476025563 0.074694001908904004 0.031217123433731567 0.13633357856202702 0.038621601187939343 0.05429682815220048 0.097925727737887616 0.12011017699262012 0.1027491090725885 0.091653446781954265 0.066332388048890675 0.0015906514551837015 0.019671963529881462 0.054604279052739728 -0.014344216056535004 0.11640210689953487 0.070557043251563714 -0.021434066134185983 0.12386855250487371 0.073358073819060815 0.11275673945667654 0.044062861005424211 -0.022363116144000758 -0.011143357522629953 -0.0048450012366154831 0.014990796013660102 0.015177839219385534 0.11689195376878614 0.019082909105285283 -0.02224491397994079 0.015265839855981502 0.11480842605052154 -0.022063717543379508 0.045335917323189687 -0.021955022778602565 0.085832162165947815 -0.005189400613443744 0.023839005533261078 -0.022574855698134763 0.064161568681970649 0.055229448489972056 0.12377563910867019 0.094952206491826369 0.09095529443622434 -0.021723726104772623 0.11198781098991897 -0.022350098603936566 -0.0028022843955381955 0.083917651878394339 0.10357796620346289 0.071970969480762786 -0.0071870340063932073 0.054411333742780482 0.097013048307020344
leaf_weight=14725.039568647742 3957.232978515327 669.93717700615525 10139.753250390291 16900.006479363889 77200.120874322951 2831.6052570268512 1646.0239431969821 1274.3567026294768 1369.5071927346289 4660.1639489531517 1881.7199556641281 641.38434686884284 3074.3422141335905 8137.7927838601172 10689.437737286091 682.71913942694664 21575.80907029286 1186.4953567199409 5172.9523191265762 4701.9947287626565 3694.9319838285446 3035.392420604825 4236.3653885498643 5493.9999448396266 678.40951666235924 646.29400654882193 946.29659514501691 3090.7331864498556 32262.281566556543 1470.8276545368135 194.00445729494095 1315.1836181990802 1680.8809235654771 2787.3438168130815 644.39059316366911 1280.3055608794093 692.69799902290106 187.7104421146214 1439.8595295846462 2657.7728384621441 175.77599098160863 1265.8909831754863 169.17929807677865 777.02518573403358 668.99641015380621 5152.0128444842994 207.75604775175452 5724.6108273863792 4255.8880058601499 1837.7747307941318 17067.459533944726 2376.7563131973147 148.89945555478334 1189.4276320822537 190.78828271478415 416.67767389863729 2199.4947378374636 2189.7696824073792 13977.242327708751 170.34080617129803 2321.026301458478 20852.166519414634
leaf_count=261352 48748 3165 93066 38984 105798 30566 21691 6892 17671 31693 17522 3157 27403 86109 42714 3155 84597 6558 44584 76919 48518 20216 72438 10393 6825 10606 5208 16554 54007 12463 2097 20786 26734 38573 9555 8089 8805 2106 20981 12026 2100 10332 2115 6462 8846 66802 2096 50468 37857 5548 65154 13813 2061 2098 2068 5694 15360 9469 77091 2097 14533 62393
internal_value=0.0829423 0.0522412 0.0599798 0.0989522 0.101384 0.0749483 0.0423744 0.00513066 0.0843485 0.0871668 0.0894398 0.0330974 0.0957976 0.0311061 0.0792451 0.0290724 0.0936448 0.027124 0.0670127 0.0246312 0.0505777 0.0883447 0.0128185 0.106991 -0.00213895 0.0524906 0.0569859 0.101156 0.107999 0.0931536 0.111802 0.0376597 0.0225112 0.0362307 0.0488091 0.0828379 0.0516762 0.111281 0.0604394 0.0745065 0.112127 0.112422 0.112054 0.0304341 0.058142 0.0424893 0.0956377 0.0726313 0.0753786 0.0885755 0.103984 0.0747355 0.113524 0.077624 0.0964888 0.0926334 0.0701058 0.0715568 0.0671354 0.113784 0.0972797 0.0927461
internal_weight=344889 118208 101530 226681 215406 54874.7 46655.7 16677.8 39600.2 38230.7 68815.4 33893.8 50766.6 33252.4 16799.2 32582.5 32329.6 31899.8 12761.9 30713.3 15274.5 13724.8 16108.3 146591 15403.4 11274.4 10628.1 66246.5 35709.9 30536.6 80344.5 14605 11871.9 7169.95 5489.07 1924.7 5901.06 32619.2 11579.6 11115.9 80150.5 79974.7 32431.5 3564.37 5841.95 13289.8 29065.7 6670.91 10753.8 6497.94 33967.5 3069.45 77519.4 2455.32 28858 5273.95 2616.17 18048.7 15859 77370.5 28667.2 23173.2
internal_count=1923781 1204887 929818 718894 603864 393115 536703 275069 230550 212879 298553 428502 194471 425345 90333 422180 159695 419025 108201 412467 162565 62930 238770 305311 268177 115030 104424 178728 74782 103946 126583 173697 166332 89413 62679 17644 53184 58228 114047 86510 124486 122386 56122 45035 53430 152911 91483 55676 75098 37241 104138 22618 109956 12430 89387 33080 21054 104082 94613 107895 87319 76926
is_linear=0
shrinkage=0.02


Tree=7
num_leaves=63
num_cat=0
split_feature=1 4 4 5 16 0 3 16 3 9 11 5 5 21 9 5 10 10 0 20 21 10 16 4 171 17 134 17 17 14 20 20 4 20 18 1 18 16 9 5 67 113 4 9 18 20 21 20 14 11 10 10 10 10 20 20 9 10 4 3 5 21
split_gain=367144 202360 83500.6 42816.5 36498.2 32544.1 25264 24305.4 21945.3 18624.8 17559.4 24253.3 17139.2 16761.6 13509.4 11860.8 11797.8 10460.6 10258.9 10178.5 9953.82 9836.17 9396.68 9301.34 8941 8549.73 8517.32 8203.89 13059.4 8146.57 8038.52 8007.74 9335.34 7839.18 7537.75 6768.51 6622.34 6488.5 6292.5 7218.39 6202.39 6581.22 5905.74 5835.15 5799.7 5733.8 7979.4 6067.19 9193.61 6236.08 5827.48 7205.25 5629.52 5589.5 9830.93 7962.26 7195.7 5531.02 5530.53 5496.37 5412.76 5377.3
threshold=1.0000000180025095e-35 11607.500000000002 9496.0000000000018 2011.6250000000002 53.928178787231452 2.5000000000000004 43951.500000000007 53.928178787231452 55659.875000000007 15.449999809265138 24.300000190734867 2423.5000000000005 3544.0000000000005 1.0000000180025095e-35 9.9499998092651385 5308.8750000000009 80.500000000000014 327.50000000000006 20.500000000000004 2.5000000000000004 1.0000000180025095e-35 199.50000000000003 53.829820632934577 32321.750000000004 1.0000000180025095e-35 9.4168558120727557 1.0000000180025095e-35 9.2086114883422869 10.215904235839846 5.5000000000000009 10.500000000000002 11.500000000000002 19453.750000000004 2.5000000000000004 15.500000000000002 11.500000000000002 14.500000000000002 54.819992065429695 11.550000190734865 5640.6250000000009 1.0000000180025095e-35 1.0000000180025095e-35 17710.875000000004 18.650000572204593 9.5000000000000018 3.5000000000000004 1.0000000180025095e-35 6.5000000000000009 99.500000000000014 13.150000095367433 281.50000000000006 248.50000000000003 240.50000000000003 273.50000000000006 2.5000000000000004 1.5000000000000002 19.550000190734867 167.50000000000003 3689.3750000000005 56363.750000000007 3214.6250000000005 1.0000000180025095e-35
decision_type=2 2 2 2 2 2 2 2 2 2 2 2 2 2 2 2 2 2 2 2 2 2 2 2 2 2 2 2 2 2 2 2 2 2 2 2 2 2 2 2 2 2 2 2 2 2 2 2 2 2 2 2 2 2 2 2 2 2 2 2 2 2
left_child=1 3 5 20 24 8 -6 -5 52 12 11 -4 23 14 25 29 -14 35 60 40 22 61 -1 -8 31 44 36 37 -29 -11 33 32 45 -16 -21 59 -24 57 -34 53 41 -10 -31 -15 -9 -3 47 48 49 -47 51 -50 -2 54 -40 -55 -56 -18 -54 -12 -7 -13
right_child=2 4 10 7 6 18 9 13 19 15 17 21 16 43 30 -17 27 -19 -20 34 -22 -23 26 -25 -26 -27 -28 28 -30 42 -32 -33 38 -35 -36 -37 -38 -39 39 -41 -42 -43 -44 -45 -46 46 -48 -49 50 -51 -52 -53 58 55 56 -57 -58 -59 -60 -61 -62 -63
leaf_value=-0.017932731546611361 0.021141810885433446 -0.006377755220828155 0.024000993048121384 -0.0014131498485272479 0.031335700162428329 0.072478790128237491 0.014016494683152294 0.078418230521525731 0.01210820810674723 0.10584465699651853 0.088543416233286099 0.080602255275815896 0.10226651902761322 0.0019304953668617512 0.012775064327852723 0.059290742794368072 0.039132034405597191 0.042004563483581364 0.11883066783243282 0.083797750418881364 -0.016347854071999224 0.098715699268992915 0.024033623645556917 0.123077706987307 0.12591472373970733 0.009112543633992538 0.16439524927676211 0.034013502953208367 0.089787474598016268 0.069101654815697203 -0.021727471271135355 -0.020561258388532958 0.10746772711260202 0.078347534113474851 0.042157918173119681 0.10513590423672049 -0.0017134712316173412 0.023092809273375745 0.0052208325161927785 0.0051588169527875738 0.16286755925882512 0.15004433133142178 0.08913503168139357 0.089792432240727874 0.027763374741392954 0.19903727887642211 -0.014260264957463638 0.019186525934188698 0.06801624235657136 0.019038511192735637 -0.017954511036850366 0.19898396383678241 0.017464070945195836 0.15129824822693783 0.092275941366861236 0.039916451828613968 0.028796081203383485 0.096707483191908153 0.060904386329302895 0.10122797682793745 0.10167789822622554 0.04121973514776834
leaf_weight=3674.3523981757462 6283.3834364004433 1810.7225333116949 2482.5471245571971 4633.5028092302382 4807.7953745312989 8379.3351478427649 3364.2264361567795 1948.8949118405581 1915.6547865122557 9241.1242796070874 21998.106450024992 5544.9896419718862 3878.9201734662056 3302.7700278833508 786.35352855920792 6047.7185819633305 782.89703078940511 1180.483038533479 3852.5494859740138 10891.857374820858 6809.5460070222616 15747.919021617621 12538.048066433519 344.86347471177578 482.83285015076399 2954.552775926888 155.65914379432797 5877.0361300110817 2351.0371591076255 7576.8274414353073 365.88335053622723 865.27509407326579 870.08126071095467 10045.767878238112 2069.3106277398765 92411.008736908436 5865.1339424401522 691.78263775259256 1356.86406044662 1169.5705230161548 133.22586207464337 149.13115236163139 26377.598369628191 332.81801328808069 1686.5036905109882 84.373833946883678 944.23187162354589 1282.3260211125016 279.53101501613855 879.71452806144953 97.947320830076933 421.23232444375753 1639.5778180733323 575.92033941298723 2009.6757637038827 463.20510470122099 1108.1029643714428 4524.2941094338894 4113.4195363335311 36068.120819397271 3643.7190908268094 1849.3331509828568
leaf_count=71278 81162 28954 23898 84252 46543 51733 38031 14120 22371 17876 58699 21818 10144 52342 9344 35588 7013 7796 4261 60769 129085 43186 171876 568 876 38981 721 49483 12842 37510 5134 14442 5340 56902 18733 109713 94743 5904 17824 14728 228 237 82708 2291 18739 445 14934 17176 2987 11215 1436 1008 21593 2269 13545 4612 11418 17344 37196 59934 12171 14457
internal_value=0.0763665 0.0517303 0.0926526 0.0215084 0.0701169 0.0676748 0.0757059 0.0401214 0.054392 0.078708 0.098721 0.0834082 0.0633242 0.0491045 0.0571023 0.0855231 0.0713478 0.101308 0.0904287 0.0704009 0.00480884 0.089781 0.0112887 0.0241568 0.0412752 0.034382 0.0170741 0.062918 0.04995 0.0891958 0.070473 0.038401 0.0422216 0.0735873 0.0771498 0.101774 0.015828 0.0807046 0.0568752 0.0502887 0.0306048 0.0220708 0.0846646 0.00997377 0.0549189 0.0231384 0.0365354 0.0522862 0.0763641 0.0347914 0.126545 0.146742 0.0342296 0.0598616 0.0501577 0.101648 0.0697143 0.0882142 0.0485241 0.0964225 0.0813279 0.0707526
internal_weight=366021 145668 220354 55099.8 90567.7 43071.2 75866.1 26057 27195.6 71058.3 177283 25624.8 21815.1 21423.5 17788 49243.3 18106 151658 15875.6 15159.2 29042.7 23142.2 22233.2 3709.09 14701.6 6589.95 18558.8 14227 8228.07 43195.6 11198 14218.8 13353.5 10832.1 12961.2 150477 18403.2 5998.97 7553.42 6683.34 2198.01 2064.79 33954.4 3635.59 3635.4 5800.08 3989.36 3045.13 1762.8 964.088 798.711 700.763 12036.4 5513.77 4474.64 1039.13 3117.78 5307.19 5753 58066.2 12023.1 7394.32
internal_count=1924526 1274571 649955 749808 524763 310454 361554 282105 242289 315011 339501 103359 141329 197853 143220 173682 102730 236142 68165 102338 467703 79461 338618 38599 163209 71840 267340 92586 62325 138094 71380 162333 147891 66246 79502 228346 266619 30261 69736 64396 22836 22608 120218 54633 32859 78155 49201 34267 17091 11660 5431 3995 139951 49668 42787 6881 24963 24357 58789 118633 63904 36275
is_linear=0
shrinkage=0.02


Tree=8
num_leaves=63
num_cat=0
split_feature=1 11 11 19 19 16 19 8 8 20 10 6 0 1 20 10 18 20 20 0 7 11 18 17 7 3 17 20 20 19 17 8 183 16 171 7 16 8 10 189 8 17 174 11 20 18 45 145 27 103 33 10 19 8 172 8 18 10 16 20 10 10
split_gain=309545 133654 65753.3 35789 31936.9 25770.7 25571.9 24259.4 15562.4 14591.4 14229.9 13458.1 12555.5 12453.6 11708.1 11029.9 11340.3 10665.2 11640.5 10145.6 10863.7 9967.61 9956.38 9940.5 7951.33 7897.05 7867.3 8560.71 8022.79 7632.75 7550.98 7537.47 7521.98 7688.59 7430 7342.9 7201.62 7168.37 7163 7153.61 7140.33 7129.13 7099.27 6979.38 6921.87 6877.33 6876.02 6657.85 6202.02 6247.23 5756.4 5563.55 5492.55 5401.51 5346.06 5318.04 5277.45 5149.79 5079.49 5044.35 5011.81 4970.73
threshold=1.0000000180025095e-35 28.250000000000004 22.500000000000004 5.5000000000000009 1.5000000000000002 53.928178787231452 3.5000000000000004 17.150000572204593 22.349999427795414 8.5000000000000018 80.500000000000014 5.8750000000000009 1.0000000180025095e-35 14.500000000000002 9.5000000000000018 139.50000000000003 9.5000000000000018 3.5000000000000004 11.500000000000002 19.500000000000004 48.674999237060554 33.299999237060554 8.5000000000000018 9.2086114883422869 77.790000915527358 60426.875000000007 9.4168558120727557 2.5000000000000004 4.5000000000000009 3.5000000000000004 9.9310779571533221 11.949999809265138 1.0000000180025095e-35 54.819992065429695 1.0000000180025095e-35 55.164999008178718 53.928178787231452 49.45000076293946 159.50000000000003 1.0000000180025095e-35 19.550000190734867 10.212865352630617 1.0000000180025095e-35 23.94999980926514 11.500000000000002 16.500000000000004 1.0000000180025095e-35 1.0000000180025095e-35 1.0000000180025095e-35 1.0000000180025095e-35 1.0000000180025095e-35 177.50000000000003 4.5000000000000009 30.349999427795414 1.0000000180025095e-35 16.349999427795414 13.500000000000002 28.500000000000004 53.829820632934577 8.5000000000000018 327.50000000000006 204.50000000000003
decision_type=2 2 2 2 2 2 2 2 2 2 2 2 2 2 2 2 2 2 2 2 2 2 2 2 2 2 2 2 2 2 2 2 2 2 2 2 2 2 2 2 2 2 2 2 2 2 2 2 2 2 2 2 2 2 2 2 2 2 2 2 2 2
left_child=1 4 6 5 10 34 12 -6 -7 19 17 -9 22 21 -5 44 29 58 -19 20 31 25 -2 32 -24 55 27 -12 40 36 50 -8 33 42 37 38 -17 -3 -31 47 -29 54 46 -37 -13 57 48 -32 49 -10 53 -43 -40 -25 -28 -4 -30 -22 -1 -18 -23 -53
right_child=2 3 13 14 7 8 9 11 23 -11 26 15 -14 -15 -16 16 59 18 -20 -21 45 60 24 30 -26 -27 41 28 56 35 39 -33 -34 -35 -36 43 -38 -39 52 -41 -42 51 -44 -45 -46 -47 -48 -49 -50 -51 -52 61 -54 -55 -56 -57 -58 -59 -60 -61 -62 -63
leaf_value=-0.021192083243662278 0.075375326701194942 0.033807146874963383 0.036839509763016198 0.0073556716496725417 -0.0036985229172392092 0.045633546813069914 0.012650069788579575 0.00035166563161422802 0.097213501076885256 -0.0084489879394522675 -0.00021674259373268297 0.0056819457151762662 0.087059386250234433 0.095439183796277208 0.061666635907663817 0.013185969008545779 0.031911576419714906 0.013693598258986179 0.089315141262377648 0.11199552600379682 0.095550954796046542 0.090663036291195778 0.07878479258432472 0.046298554583458565 0.034483858715811395 0.088418913663676574 0.0099869992516942972 0.048252327670299584 0.056445972489073445 0.12472889076225582 0.084963188605701276 0.097292724278328219 -0.022306128112686254 0.052223910594532248 0.12246118203949842 -0.0056333831438561081 0.083668470732442088 0.10514730886364243 0.085766962115520609 -0.017710433283034118 0.11020975555441569 0.0071640079429742881 -0.021972315750117481 0.054134568798178351 0.088341469267431985 0.052153992164764011 -0.01873907939238887 -0.022140992274520061 0.010743133492155776 0.016620451346628245 0.11783612272876372 0.11377439762767004 0.0016312393899599817 0.068570299397012202 0.1249077800125471 0.071385992109534627 0.0069805000824981166 0.0075297770702294296 0.099603261043023167 -0.012684667927892981 0.040641647943581549 0.047836378792657959
leaf_weight=145.32880397513509 10568.330114468932 9952.5704598762095 1999.1301765330136 5243.3638018146157 14846.467858552933 6796.6373872756958 533.3635846413672 5537.8271283730865 20714.872436918318 2066.2855722606182 1126.4437118768692 5399.0995045676827 14824.241053692997 99345.393085122108 2277.293360915035 669.32498603314161 4161.7767078727484 1992.4613537192345 1376.8765518255532 948.7618350237608 286.13908709958196 57852.498408410698 2200.3561015054584 6934.2804848663509 6150.5800262577832 12129.223372086883 6689.3804910704494 1303.3516721054912 2649.3155246935785 644.79003119468689 14505.659463394433 1994.5663447380066 247.42184248194098 2125.9874128438532 432.09637866914272 1766.5619494989514 4338.4835906550288 597.20039048045874 604.52242161333561 286.1814929805696 1733.7739822715521 968.15635707601905 216.21719601377845 1401.5686667524278 438.10838988423347 3469.4799841232598 217.2996704429388 235.93248926475644 349.26340979337692 392.00747207179666 722.20322148501873 600.79846988618374 637.8311407379806 11713.893218137324 165.93522902950644 16440.424110166728 1279.3587062098086 3753.9582438841462 3326.2348414249718 1341.5832574255764 812.45541591197252 1914.7576093636453
leaf_count=2754 57451 119155 17017 63303 253522 59795 7308 77363 41042 28227 12695 77081 46713 134887 13177 9666 46055 26136 3222 1106 2076 98380 10740 46050 56083 31659 87349 12411 22537 2715 47360 6111 2763 13866 708 25974 21952 2598 3056 2770 5389 13339 2742 10771 2356 31535 2652 2781 2586 2482 1151 3860 7751 48390 1166 69684 15987 45604 11304 18883 5695 22573
internal_value=0.0709635 0.0486156 0.0853023 0.0654306 0.0275628 0.0695264 0.0640821 0.0168293 0.0742829 0.0403107 0.0453108 0.0281415 0.0732772 0.0905681 0.0238013 0.0353316 0.0441235 0.0699446 0.0445963 0.0494814 0.0435724 0.0851451 0.0624782 0.0776023 0.0461565 0.0758851 0.0361678 0.0509374 0.0592096 0.0567474 0.0706878 0.0794341 0.0874052 0.0885355 0.0411749 0.0394111 0.074248 0.0378456 0.0706425 0.0813264 0.0836214 0.0246077 0.0920622 0.0208077 0.0118859 0.0315004 0.0931998 0.083249 0.0943335 0.0957167 0.0624342 0.0479048 0.0425712 0.0602886 0.0127687 0.0676406 0.0403377 0.0137639 0.0945464 0.0210401 0.0899703 0.0635846
internal_weight=386396 151021 235375 83960.4 67060.1 76439.7 46796.1 41787.9 65457.9 13052.6 25272.2 26941.5 33743.5 188579 7520.66 21403.7 15566.4 6840.9 3369.34 10986.3 10037.5 89233.7 18919.3 58661.2 8350.94 30568.8 18431.3 8092.24 6965.8 10063.1 34398.2 2527.93 24263.1 24015.6 10981.9 5055.27 5007.81 10549.8 1887.14 15027.8 3037.13 10339 21889.7 3168.13 5837.21 7509.58 21673.4 14741.6 21456.1 21106.9 19370.4 3483.71 1242.35 18648.2 6855.32 18439.6 3928.67 4040.1 3471.56 5503.36 58665 2515.56
internal_count=1923514 1273238 650276 475371 797867 398891 292954 557145 276430 121967 240722 303623 170987 357322 76480 226260 146823 43416 29358 93740 92634 222435 124274 216635 66823 118360 197306 69019 56324 81885 148502 13419 68133 65370 122461 50267 31618 121753 13522 52911 17800 128287 51504 36745 79437 79215 48762 50141 46110 43524 95591 39772 10807 94440 88515 86701 38524 47680 14058 64938 104075 26433
is_linear=0
shrinkage=0.02


Tree=9
num_leaves=63
num_cat=0
split_feature=4 0 5 0 11 17 17 19 8 3 17 4 20 20 18 17 5 7 183 17 145 67 174 19 19 10 133 17 45 6 6 0 2 20 5 43 13 10 20 27 5 9 5 11 19 11 19 13 6 20 11 3 3 17 20 20 13 19 19 20 113 18
split_gain=259017 100038 62042.2 41449.4 27719.3 27196 20099.6 18990.1 23628.5 18900.6 14432.3 13756.9 13324 14051.1 12451.4 11978 11756.1 9984.74 9292.46 9318.45 9215.09 8862.39 8835.02 8827.55 8805.95 8797.55 8709.74 8282.39 8050.08 7839.3 7510.43 7439.29 7288.86 7212.11 6879.55 6538.8 6486.52 9179.61 6689.4 6170.19 6090.32 6001.42 5939.05 5904.93 5938.83 5656.43 5606.03 6763.12 5588.18 5572.07 5488.82 5472.59 5406.02 5405.5 5838.9 5316.18 5220.44 5045.49 5027.92 5012.11 5327.03 4972.79
threshold=13825.500000000002 1.0000000180025095e-35 1796.8750000000002 1.0000000180025095e-35 19.250000000000004 9.2086114883422869 10.579641342163088 3.5000000000000004 31.050000190734867 56261.134765625007 9.2086114883422869 17710.875000000004 2.5000000000000004 10.500000000000002 14.500000000000002 9.5880222320556658 5640.6250000000009 91.180000305175795 1.0000000180025095e-35 7.8110623359680185 1.0000000180025095e-35 1.0000000180025095e-35 1.0000000180025095e-35 2.5000000000000004 3.5000000000000004 61.500000000000007 1.0000000180025095e-35 10.760850906372072 1.0000000180025095e-35 7.3750000000000009 285.50000000000006 23.500000000000004 34611.000000000007 6.5000000000000009 1328.6250000000002 1.0000000180025095e-35 9.7500000000000018 273.50000000000006 10.500000000000002 1.0000000180025095e-35 3577.0000000000005 22.250000000000004 4195.8750000000009 31.85000038146973 3.5000000000000004 30.800000190734867 4.5000000000000009 12.750000000000002 5.8750000000000009 10.500000000000002 41.600000381469734 42645.935546875007 46647.875000000007 9.4168558120727557 3.5000000000000004 8.5000000000000018 4.4500000476837167 1.5000000000000002 1.0000000180025095e-35 2.5000000000000004 1.0000000180025095e-35 7.5000000000000009
decision_type=2 2 2 2 2 2 2 2 2 2 2 2 2 2 2 2 2 2 2 2 2 2 2 2 2 2 2 2 2 2 2 2 2 2 2 2 2 2 2 2 2 2 2 2 2 2 2 2 2 2 2 2 2 2 2 2 2 2 2 2 2 2
left_child=1 2 7 5 10 18 11 14 -9 17 24 29 -11 41 15 52 36 45 19 -2 48 27 26 49 40 -18 28 -17 35 -7 -27 43 -19 -31 -10 39 37 -13 42 51 -4 53 57 44 -25 -6 -38 -48 -8 -3 -16 -21 -1 -14 -55 56 -46 -39 -12 60 -54 -47
right_child=3 23 4 -5 9 6 20 8 34 12 58 16 13 -15 50 21 25 32 -20 22 -22 -23 -24 31 -26 30 -28 -29 -30 33 -32 -33 -34 -35 -36 -37 46 38 -40 -41 -42 -43 -44 -45 55 61 47 -49 -50 -51 -52 -53 59 54 -56 -57 -58 -59 -60 -61 -62 -63
leaf_value=0.019462083245676848 0.0048477836235550327 0.088691292985312753 0.036437935072113362 0.088981016487634762 0.013198966348852689 0.013337497614336072 0.050850402935165927 -0.0073741546416145358 0.0079593278431923931 0.022903159420083193 0.0394649123544508 0.054724170615770402 0.079737555688639342 -0.0076757287145025992 0.004484176316022848 0.0047054835891612622 0.098434232356552229 0.073756832728682956 -0.022364988992659963 0.055195449576225707 -0.022226849377452656 0.13154321923098369 -0.022183766857798482 0.068259733412528403 0.013344473230693763 0.018680836449116969 -0.01304619698229193 0.051529967753299745 -0.014762049342700131 0.059331087226779697 0.057377320336329196 0.098557847853677799 0.033986128201637503 0.026033867172599482 0.098058364917946492 -0.0099225425694887681 0.079972758095051846 0.011086912607282198 0.020019179761606175 0.015961568516792295 0.079750018774242981 0.10547287389611533 0.046435030471920644 0.079243252837723571 -0.0052811257098050735 0.082773709863803335 0.077657991013207972 0.01926234795881402 0.087002126063321777 0.033095577578801667 0.095016887901116565 0.085377114615625291 0.0040258748587192238 0.082935413815891867 0.050578556922317643 -0.0088779099062724354 0.055452013316512803 0.10556581957627675 0.0063150043378527752 0.058613412740024282 0.15864389667866413 0.031441114240142259
leaf_weight=2230.5935879386961 628.75695956870914 15708.195713855326 2152.8757137693465 90409.467431999743 5457.628776807338 2812.3276164196432 1877.3491625413299 14582.242350280285 474.88822747021914 2523.5332888290286 2317.213387131691 19111.537029437721 12393.902337450534 876.75322810560465 8536.7968787401915 7090.4906522780657 1043.8452405184507 4435.5931895039976 345.9136213734746 2485.9778332412243 333.15993662551045 267.28859835118055 323.22570712119341 3919.4719217941165 1986.2955956496298 4301.8909946493804 378.91790997982025 1920.2290208637714 334.87242867052555 9442.4033758156002 3759.5411791279912 2241.2681711837649 3153.9765906855464 3591.7557865306735 1184.5146273039281 298.39426562935114 20350.131509236991 239.24311198666692 603.43970707431436 531.14817047864199 3272.754496794194 2181.7724299319088 1005.0103959366679 3990.3061540275812 682.75774389877915 1015.0290752612054 1772.9872535318136 1435.7255039736629 19220.76533151418 755.79215099662542 276.55027950182557 72057.519627220929 1151.7388721928 3187.8821435049176 7430.2744126319885 893.78328662365675 3314.207486089319 4114.5142962448299 8706.7157168313861 9518.0196932069957 96.606263343244791 2945.2282377816737
leaf_count=27068 7553 36506 21073 86810 67117 26555 8646 246983 5167 25927 23871 100281 43522 11090 125994 100055 1888 27554 3779 11174 3820 955 3831 17341 26936 35512 3791 17090 3743 48487 19194 2257 31035 26921 2801 3736 62050 1768 4321 3734 16473 3105 5584 12139 7829 5541 6526 10677 37257 5216 1250 130737 14910 14792 51046 10623 24267 7074 122561 80855 105 28234
internal_value=0.0662299 0.0445556 0.0356543 0.0780129 0.0484878 0.0722611 0.0650923 0.0182905 0.000763448 0.0568543 0.0277929 0.0601281 0.0667846 0.0710321 0.0274473 0.0354089 0.0646584 0.0401589 0.0810631 0.0815276 0.0821373 0.0180506 0.0821585 0.0760201 0.0493738 0.0438016 0.0826018 0.014684 0.0830805 0.0436213 0.0367274 0.0649444 0.0572294 0.0501555 0.0722738 0.0835152 0.0685634 0.0614833 0.0831492 0.0838866 0.0625639 0.0737712 0.0902581 0.059059 0.0499171 0.0264023 0.0760987 0.0515291 0.0837853 0.0861391 0.00732496 0.0843706 0.0478003 0.0707655 0.060293 0.0352173 0.0450776 0.100374 0.0132831 0.0536714 0.0159914 0.0445979
internal_weight=405683 142873 111367 262810 64037.4 172400 95015.6 47330 16241.6 45601.6 18435.9 73584.4 28594.1 26070.6 31088.3 22275 57737.9 17007.5 77384.7 77038.8 21431.3 9278.01 76410.1 31505.8 7411.93 9105.28 76086.8 9010.72 75707.9 15846.5 8061.43 15041.8 7589.57 13034.2 1659.4 75373 48632.6 25073.7 5962.21 75074.6 5425.63 25193.8 5358.77 12800.5 8810.22 9417.89 23558.8 3208.71 21098.1 16464 8813.35 74543.5 12997 23012.1 10618.2 4890.75 3996.97 4353.76 11023.9 10766.4 1248.35 3960.26
internal_count=1924737 1259288 1143110 665449 519877 578639 406561 623233 254951 308963 210914 356838 149482 123555 368282 241038 254875 159481 172078 168299 49723 118100 160746 116178 64482 56594 156915 117145 153124 101963 54706 74456 58589 75408 7968 149381 198281 119028 18747 145645 37546 112465 14426 72199 60060 100892 79253 17203 45903 41722 127244 141911 122938 109360 65838 42719 32096 8842 146432 95870 15015 33775
is_linear=0
shrinkage=0.02


Tree=10
num_leaves=63
num_cat=0
split_feature=1 4 4 5 16 0 19 16 3 19 19 9 5 4 16 13 5 9 18 10 3 22 0 17 4 8 17 17 13 4 10 10 10 17 17 5 19 53 5 134 10 13 14 2 1 18 2 8 13 5 3 8 11 19 14 19 3 19 13 17 9 9
split_gain=234925 141167 52539.1 33181.9 25172.1 20649.2 21028 18217.8 17746.2 15312.8 12280.1 12122 12429.4 11819.6 9065.04 8619.54 8577.82 8533.92 8221.48 7709.11 7356.11 7092.17 6727.4 6708.47 6659.41 5995.26 5820.46 7935.56 5808.9 5776.77 6772.16 5726.35 6896.72 5660.67 5704.41 5638.31 5623.61 5457.02 5415.22 5397.75 5361.68 5332.41 5349.46 6538.74 5172.03 5127.84 5120.07 5206.16 5669.39 5115.15 5569.73 5015.29 4819.73 4799.91 4799.48 7274.44 4619.24 4479.28 7820.04 5849.65 4455.99 4349.1
threshold=1.0000000180025095e-35 11607.500000000002 9496.0000000000018 2011.6250000000002 53.919040679931648 2.5000000000000004 2.5000000000000004 53.928178787231452 43862.625000000007 3.5000000000000004 4.5000000000000009 15.449999809265138 3544.0000000000005 17197.875000000004 53.829820632934577 5.6499998569488534 5640.6250000000009 9.9499998092651385 16.500000000000004 80.500000000000014 39292.925781250007 1.0000000180025095e-35 20.500000000000004 9.4168558120727557 32321.750000000004 28.050000190734867 9.1410160064697283 10.459664821624758 4.5499999523162851 6117.7500000000009 223.50000000000003 78.500000000000014 129.50000000000003 9.4168558120727557 9.7541818618774432 758.37500000000011 4.5000000000000009 1.0000000180025095e-35 2865.8750000000005 1.0000000180025095e-35 338.50000000000006 12.150000095367433 45.500000000000007 11817.924804687502 13.500000000000002 14.500000000000002 25835.809570312504 34.350000381469734 9.3499999046325701 3879.8750000000005 61160.839843750007 13.150000095367433 26.099999427795414 1.5000000000000002 45.500000000000007 3.5000000000000004 60039.589843750007 3.5000000000000004 7.7500000000000009 9.4771285057067889 18.650000572204593 32.350000381469734
decision_type=2 2 2 2 2 2 2 2 2 2 2 2 2 2 2 2 2 2 2 2 2 2 2 2 2 2 2 2 2 2 2 2 2 2 2 2 2 2 2 2 2 2 2 2 2 2 2 2 2 2 2 2 2 2 2 2 2 2 2 2 2 2
left_child=1 3 5 9 15 6 18 -5 -6 14 17 12 24 20 -1 -3 31 23 21 -14 -4 44 57 53 -10 -18 -21 -28 -8 -30 -31 -13 -33 -34 -35 -22 46 39 -20 45 -15 42 43 -38 -2 -16 47 48 -17 50 -50 -37 -48 -9 -19 -56 -51 -7 -59 -60 -12 -49
right_child=2 4 13 7 8 22 28 10 11 -11 60 16 19 40 37 36 25 54 38 26 35 -23 -24 -25 -26 -27 27 -29 29 30 -32 32 33 34 -36 51 41 -39 -40 -41 -42 -43 -44 -45 -46 -47 52 61 49 56 -52 -53 -54 -55 55 -57 -58 58 59 -61 -62 -63
leaf_value=-0.017774729362514438 0.057294583900027042 0.0080180740861650265 0.013352279233239422 -0.0014424206610405416 0.025179117065018554 0.072148475136854351 -0.0021322182530704057 0.064684417452147369 0.011896763295107242 -0.016404243878549125 0.00095311823318236142 0.016474167078031218 0.081078503171513355 0.081225173287308938 0.02462857182079331 0.011122049889020316 0.078906939732092507 0.072567092610289985 0.010239143820218784 0.067373876939256672 0.021721818138926055 -0.021915341188170401 0.092272603078879203 0.0075997042279259512 0.097918775639261782 0.029249037252536147 0.033609194137175474 0.076974905266568264 0.017862152188298168 0.022199043289706139 0.073152297276616068 0.084020392748486494 0.074455074394881568 0.042855516713431685 0.06696453667432814 0.034361987101461863 0.12647957460629528 0.1379761875982187 0.066784606730364626 0.1302627607522566 -0.021191443181847146 -0.019900948842305987 0.010821324590360601 -0.0016538874277639373 0.081269773461300363 0.00043572602617907588 -0.011588549502563827 0.01620440662143087 0.019214336416285335 0.10901923198296969 0.11168893188565472 0.073081274238642621 0.044371813078551849 0.020611299605350401 0.053582257514224664 -0.013123607449732738 0.02768937725481593 -0.0099822661660800439 0.029165011858396494 0.082038904841259974 0.072938074411695392 0.087652768643450965
leaf_weight=3064.3816797323525 9282.5746614076197 3853.8452167212963 893.18789614737034 4842.4582398757339 5094.0328280031681 10056.759763285518 2558.0627737641335 2422.8425573445857 3719.0279659628868 10000.323950625956 3421.0500538907945 761.52343688905239 4608.5565192177892 155871.81634694338 11671.187875885516 517.71231582015753 1348.9662503637373 4970.6279639787972 2074.1638588756323 6029.7964375950396 904.84524679929018 371.01871220394969 4788.7414629235864 3072.1326577812433 398.55647434294224 3484.7473002932966 8128.6929711028934 2130.2243963181973 5247.6887160241604 1957.9567147642374 2233.7106870785356 13539.130089879036 21251.884388033301 5786.7051739506423 12206.273667123169 1373.9172149971128 452.32032362371683 154.3446762599051 1006.0471738837659 171.13130261003971 204.73404063284397 983.74045053124428 1120.3302725441754 245.91485817357898 5878.3158188723028 5008.2614884860814 847.78272949159145 1442.5886345170438 831.8207271322608 2137.6066844202578 379.3308429569006 51387.790122397244 2248.2153812237084 1669.5357479304075 7078.5574454776943 720.49022979289293 321.32898695766926 770.89970529451966 1414.581908736378 2049.7218844555318 382.42093965411186 446.18130870163441
leaf_count=58839 50674 53549 7834 84360 45739 33805 34675 14607 38841 188967 52374 5016 10219 175973 141568 5529 4417 21853 24462 25360 6280 4729 4288 38923 575 22356 59353 9496 64829 19619 12870 22547 52125 28603 40966 8808 902 772 5395 609 1882 14126 12363 3003 25039 77101 11816 13909 8638 8798 1839 138277 20122 18203 40628 8660 2825 9120 11293 9606 2241 1666
internal_value=0.0621371 0.0433056 0.0739257 0.0184806 0.057263 0.055427 0.0452477 0.033911 0.0614182 0.00381443 0.0411231 0.0636318 0.0519831 0.0782897 0.0138892 0.0340339 0.0686232 0.0474066 0.0585568 0.058241 0.0702767 0.0644763 0.0717566 0.0299363 0.0202232 0.0431073 0.0517796 0.0426139 0.0246008 0.0318455 0.0493517 0.0709266 0.0717121 0.0674659 0.0592109 0.0712241 0.0424065 0.0195952 0.0287078 0.0185109 0.0810908 0.01761 0.0379013 0.0813516 0.0665905 0.0173643 0.0499821 0.0606479 0.0730803 0.0818203 0.0481772 0.072073 0.0290481 0.0467043 0.0572085 0.0474198 0.0983912 0.0648825 0.0476289 0.0604489 0.00819086 0.0330825
internal_weight=423293 162967 260327 58649.7 104317 49690.2 30609.5 28580.1 88488.1 30069.6 23737.7 83394.1 25014.9 210636 20069.3 15828.7 58379.2 19934.2 18612.1 20897.3 54559.7 15531.9 19080.7 7164.51 4117.58 4833.71 16288.7 10258.9 11997.4 9439.36 4191.67 53545.5 52784 39244.9 17993 53666.6 11974.9 17004.9 3080.21 16850.6 156077 2802.31 1818.57 698.235 15160.9 16679.4 9172.57 6076.57 4187.8 3670.09 1211.15 52761.7 3096 4092.38 12769.7 7799.05 2458.94 14292 4235.2 3464.3 3803.47 1888.77
internal_count=1923861 1274403 649458 749705 524698 310404 242292 281849 365613 467856 197489 319874 143844 339054 278889 159085 176030 142874 110299 104428 161199 80442 68112 71733 39416 26773 94209 68849 131993 97318 32489 149257 144241 121694 69569 153365 105536 220050 29857 219278 177855 30394 16268 3905 75713 218669 75142 43204 27629 22100 10477 147085 31938 32810 71141 49288 11623 63824 30019 20899 54615 15575
is_linear=0
shrinkage=0.02


end of trees

feature_importances:
wind_offshore=55
dow=52
wx_wind_direction_100m=51
lon=51
month=51
lat=50
wind_onshore=40
wx_wind_gusts_10m=34
total_load=31
wx_temperature_2m=31
wx_wind_speed_100m=26
active_24h_lag24=24
hour=24
wx_wind_speed_10m=20
active_7d_lag24=19
wx_cloud_cover=14
residual_load=10
day_ahead=10
solar=9
is_weekend=8
town_St._Peter=7
town_110kV_Reußenköge_(Privat)=6
town_Str?bbel=6
is_de_holiday=5
town_Uelvesbüll=5
town_Brachenfeld=4
town_Itzehoe_Mitte=4
town_Niendorf=4
wx_shortwave_radiation=3
town_110kV_Dörpum_1_(Privat)=3
town_Lübke_Koog_Ost=3
town_Lütjenbrode=3
town_Ostermoor_West=3
town_Arkebek=2
town_Wattenbek=2
town_110kV_Großenwiehe_(Privat)=1
town_110kV_Ostermoor-Ost_(Privat)=1
town_Bollingstedt_Süd=1
town_Brokstedt=1
town_Heide=1
town_Hemme_Ost=1
town_Lübke_Koog_West=1
town_Niebüll=1
town_Quickborn=1
town_Quickborn/Dithmarschen=1
town_Steinburg=1
town_Wahlstedt_Neu=1

parameters:
[boosting: gbdt]
[objective: binary]
[metric: average_precision,binary_logloss]
[tree_learner: serial]
[device_type: cpu]
[data_sample_strategy: bagging]
[data: ]
[valid: ]
[num_iterations: 4000]
[learning_rate: 0.02]
[num_leaves: 63]
[num_threads: 16]
[seed: 0]
[deterministic: 0]
[force_col_wise: 0]
[force_row_wise: 0]
[histogram_pool_size: -1]
[max_depth: -1]
[min_data_in_leaf: 200]
[min_sum_hessian_in_leaf: 0.001]
[bagging_fraction: 0.85]
[pos_bagging_fraction: 1]
[neg_bagging_fraction: 1]
[bagging_freq: 1]
[bagging_seed: 3]
[bagging_by_query: 0]
[feature_fraction: 0.85]
[feature_fraction_bynode: 1]
[feature_fraction_seed: 2]
[extra_trees: 0]
[extra_seed: 6]
[early_stopping_round: 0]
[early_stopping_min_delta: 0]
[first_metric_only: 0]
[max_delta_step: 0]
[lambda_l1: 0]
[lambda_l2: 0]
[linear_lambda: 0]
[min_gain_to_split: 0]
[drop_rate: 0.1]
[max_drop: 50]
[skip_drop: 0.5]
[xgboost_dart_mode: 0]
[uniform_drop: 0]
[drop_seed: 4]
[top_rate: 0.2]
[other_rate: 0.1]
[min_data_per_group: 100]
[max_cat_threshold: 32]
[cat_l2: 10]
[cat_smooth: 10]
[max_cat_to_onehot: 4]
[top_k: 20]
[monotone_constraints: ]
[monotone_constraints_method: basic]
[monotone_penalty: 0]
[feature_contri: ]
[forcedsplits_filename: ]
[refit_decay_rate: 0.9]
[cegb_tradeoff: 1]
[cegb_penalty_split: 0]
[cegb_penalty_feature_lazy: ]
[cegb_penalty_feature_coupled: ]
[path_smooth: 0]
[interaction_constraints: ]
[verbosity: -1]
[saved_feature_importance_type: 0]
[use_quantized_grad: 0]
[num_grad_quant_bins: 4]
[quant_train_renew_leaf: 0]
[stochastic_rounding: 1]
[linear_tree: 0]
[max_bin: 255]
[max_bin_by_feature: ]
[min_data_in_bin: 3]
[bin_construct_sample_cnt: 200000]
[data_random_seed: 1]
[is_enable_sparse: 1]
[enable_bundle: 1]
[use_missing: 1]
[zero_as_missing: 0]
[feature_pre_filter: 1]
[pre_partition: 0]
[two_round: 0]
[header: 0]
[label_column: ]
[weight_column: ]
[group_column: ]
[ignore_column: ]
[categorical_feature: ]
[forcedbins_filename: ]
[precise_float_parser: 0]
[parser_config_file: ]
[objective_seed: 5]
[num_class: 1]
[is_unbalance: 1]
[scale_pos_weight: 1]
[sigmoid: 1]
[boost_from_average: 1]
[reg_sqrt: 0]
[alpha: 0.9]
[fair_c: 1]
[poisson_max_delta_step: 0.7]
[tweedie_variance_power: 1.5]
[lambdarank_truncation_level: 30]
[lambdarank_norm: 1]
[label_gain: ]
[lambdarank_position_bias_regularization: 0]
[eval_at: ]
[multi_error_top_k: 1]
[auc_mu_weights: ]
[num_machines: 1]
[local_listen_port: 12400]
[time_out: 120]
[machine_list_filename: ]
[machines: ]
[gpu_platform_id: -1]
[gpu_device_id: -1]
[gpu_use_dp: 0]
[num_gpu: 1]

end of parameters

pandas_categorical:[]
